-1.00000 -1.00000  0.00002
-0.95000 -1.00000  0.00007
-0.90000 -1.00000  0.00020
-0.85000 -1.00000  0.00050
-0.80000 -1.00000  0.00121
-0.75000 -1.00000  0.00275
-0.70000 -1.00000  0.00597
-0.65000 -1.00000  0.01236
-0.60000 -1.00000  0.02438
-0.55000 -1.00000  0.04589
-0.50000 -1.00000  0.08249
-0.45000 -1.00000  0.14165
-0.40000 -1.00000  0.23257
-0.35000 -1.00000  0.36536
-0.30000 -1.00000  0.54973
-0.25000 -1.00000  0.79301
-0.20000 -1.00000  1.09813
-0.15000 -1.00000  1.46183
-0.10000 -1.00000  1.87382
-0.05000 -1.00000  2.31724
 0.00000 -1.00000  2.77056
 0.05000 -1.00000  3.21059
 0.10000 -1.00000  3.61584
 0.15000 -1.00000  3.96952
 0.20000 -1.00000  4.26140
 0.25000 -1.00000  4.48828
 0.30000 -1.00000  4.65316
 0.35000 -1.00000  4.76344
 0.40000 -1.00000  4.82882
 0.45000 -1.00000  4.85947
 0.50000 -1.00000  4.86458
 0.55000 -1.00000  4.85167
 0.60000 -1.00000  4.82634
 0.65000 -1.00000  4.79250
 0.70000 -1.00000  4.75266
 0.75000 -1.00000  4.70837
 0.80000 -1.00000  4.66053
 0.85000 -1.00000  4.60965
 0.90000 -1.00000  4.55604
 0.95000 -1.00000  4.49986
 1.00000 -1.00000  4.44127


-1.00000 -0.95000  4.52702
-0.95000 -0.95000  4.58360
-0.90000 -0.95000  4.63786
-0.85000 -0.95000  4.68983
-0.80000 -0.95000  4.73965
-0.75000 -0.95000  4.78770
-0.70000 -0.95000  4.83474
-0.65000 -0.95000  4.88223
-0.60000 -0.95000  4.93262
-0.55000 -0.95000  4.98977
-0.50000 -0.95000  5.05931
-0.45000 -0.95000  5.14882
-0.40000 -0.95000  5.26759
-0.35000 -0.95000  5.42589
-0.30000 -0.95000  5.63354
-0.25000 -0.95000  5.89798
-0.20000 -0.95000  6.22216
-0.15000 -0.95000  6.60272
-0.10000 -0.95000  7.02916
-0.05000 -0.95000  7.48429
 0.00000 -0.95000  7.94620
 0.05000 -0.95000  8.39128
 0.10000 -0.95000  8.79766
 0.15000 -0.95000  9.14825
 0.20000 -0.95000  9.43266
 0.25000 -0.95000  9.64766
 0.30000 -0.95000  9.79634
 0.35000 -0.95000  9.88623
 0.40000 -0.95000  9.92728
 0.45000 -0.95000  9.92985
 0.50000 -0.95000  9.90335
 0.55000 -0.95000  9.85546
 0.60000 -0.95000  9.79196
 0.65000 -0.95000  9.71685
 0.70000 -0.95000  9.63278
 0.75000 -0.95000  9.54137
 0.80000 -0.95000  9.44361
 0.85000 -0.95000  9.34010
 0.90000 -0.95000  9.23122
 0.95000 -0.95000  9.11725
 1.00000 -0.95000  8.99842


-1.00000 -0.90000  9.17206
-0.95000 -0.90000  9.28644
-0.90000 -0.90000  9.39604
-0.85000 -0.90000  9.50078
-0.80000 -0.90000  9.60077
-0.75000 -0.90000  9.69629
-0.70000 -0.90000  9.78806
-0.65000 -0.90000  9.87749
-0.60000 -0.90000  9.96699
-0.55000 -0.90000 10.06045
-0.50000 -0.90000 10.16352
-0.45000 -0.90000 10.28386
-0.40000 -0.90000 10.43087
-0.35000 -0.90000 10.61494
-0.30000 -0.90000 10.84602
-0.25000 -0.90000 11.13162
-0.20000 -0.90000 11.47472
-0.15000 -0.90000 11.87188
-0.10000 -0.90000 12.31237
-0.05000 -0.90000 12.77873
 0.00000 -0.90000 13.24865
 0.05000 -0.90000 13.69812
 0.10000 -0.90000 14.10492
 0.15000 -0.90000 14.45170
 0.20000 -0.90000 14.72790
 0.25000 -0.90000 14.93027
 0.30000 -0.90000 15.06195
 0.35000 -0.90000 15.13067
 0.40000 -0.90000 15.14656
 0.45000 -0.90000 15.12017
 0.50000 -0.90000 15.06113
 0.55000 -0.90000 14.97729
 0.60000 -0.90000 14.87457
 0.65000 -0.90000 14.75710
 0.70000 -0.90000 14.62763
 0.75000 -0.90000 14.48787
 0.80000 -0.90000 14.33891
 0.85000 -0.90000 14.18142
 0.90000 -0.90000 14.01591
 0.95000 -0.90000 13.84273
 1.00000 -0.90000 13.66216


-1.00000 -0.85000 13.92533
-0.95000 -0.85000 14.09864
-0.90000 -0.85000 14.26469
-0.85000 -0.85000 14.42329
-0.80000 -0.85000 14.57437
-0.75000 -0.85000 14.71825
-0.70000 -0.85000 14.85556
-0.65000 -0.85000 14.98767
-0.60000 -0.85000 15.11697
-0.55000 -0.85000 15.24733
-0.50000 -0.85000 15.38446
-0.45000 -0.85000 15.53605
-0.40000 -0.85000 15.71163
-0.35000 -0.85000 15.92168
-0.30000 -0.85000 16.17628
-0.25000 -0.85000 16.48302
-0.20000 -0.85000 16.84488
-0.15000 -0.85000 17.25833
-0.10000 -0.85000 17.71248
-0.05000 -0.85000 18.18954
 0.00000 -0.85000 18.66688
 0.05000 -0.85000 19.12010
 0.10000 -0.85000 19.52665
 0.15000 -0.85000 19.86890
 0.20000 -0.85000 20.13618
 0.25000 -0.85000 20.32519
 0.30000 -0.85000 20.43916
 0.35000 -0.85000 20.48596
 0.40000 -0.85000 20.47590
 0.45000 -0.85000 20.41976
 0.50000 -0.85000 20.32733
 0.55000 -0.85000 20.20664
 0.60000 -0.85000 20.06375
 0.65000 -0.85000 19.90293
 0.70000 -0.85000 19.72699
 0.75000 -0.85000 19.53778
 0.80000 -0.85000 19.33644
 0.85000 -0.85000 19.12384
 0.90000 -0.85000 18.90048
 0.95000 -0.85000 18.66677
 1.00000 -0.85000 18.42310


-1.00000 -0.80000 18.77688
-0.95000 -0.80000 19.01012
-0.90000 -0.80000 19.23362
-0.85000 -0.80000 19.44708
-0.80000 -0.80000 19.65028
-0.75000 -0.80000 19.84329
-0.70000 -0.80000 20.02686
-0.65000 -0.80000 20.20232
-0.60000 -0.80000 20.37201
-0.55000 -0.80000 20.53981
-0.50000 -0.80000 20.71143
-0.45000 -0.80000 20.89466
-0.40000 -0.80000 21.09907
-0.35000 -0.80000 21.33529
-0.30000 -0.80000 21.61346
-0.25000 -0.80000 21.94127
-0.20000 -0.80000 22.32170
-0.15000 -0.80000 22.75113
-0.10000 -0.80000 23.21850
-0.05000 -0.80000 23.70576
 0.00000 -0.80000 24.18992
 0.05000 -0.80000 24.64625
 0.10000 -0.80000 25.05187
 0.15000 -0.80000 25.38893
 0.20000 -0.80000 25.64660
 0.25000 -0.80000 25.82157
 0.30000 -0.80000 25.91715
 0.35000 -0.80000 25.94134
 0.40000 -0.80000 25.90463
 0.45000 -0.80000 25.81800
 0.50000 -0.80000 25.69141
 0.55000 -0.80000 25.53307
 0.60000 -0.80000 25.34916
 0.65000 -0.80000 25.14406
 0.70000 -0.80000 24.92072
 0.75000 -0.80000 24.68104
 0.80000 -0.80000 24.42646
 0.85000 -0.80000 24.15776
 0.90000 -0.80000 23.87545
 0.95000 -0.80000 23.58004
 1.00000 -0.80000 23.27205


-1.00000 -0.75000 23.71688
-0.95000 -0.75000 24.01097
-0.90000 -0.75000 24.29278
-0.85000 -0.75000 24.56198
-0.80000 -0.75000 24.81830
-0.75000 -0.75000 25.06153
-0.70000 -0.75000 25.29201
-0.65000 -0.75000 25.51138
-0.60000 -0.75000 25.72199
-0.55000 -0.75000 25.92769
-0.50000 -0.75000 26.13421
-0.45000 -0.75000 26.34938
-0.40000 -0.75000 26.58286
-0.35000 -0.75000 26.84536
-0.30000 -0.75000 27.14713
-0.25000 -0.75000 27.49592
-0.20000 -0.75000 27.89469
-0.15000 -0.75000 28.33978
-0.10000 -0.75000 28.81994
-0.05000 -0.75000 29.31686
 0.00000 -0.75000 29.80726
 0.05000 -0.75000 30.26607
 0.10000 -0.75000 30.67011
 0.15000 -0.75000 31.00132
 0.20000 -0.75000 31.24873
 0.25000 -0.75000 31.40904
 0.30000 -0.75000 31.48559
 0.35000 -0.75000 31.48653
 0.40000 -0.75000 31.42253
 0.45000 -0.75000 31.30474
 0.50000 -0.75000 31.14331
 0.55000 -0.75000 30.94658
 0.60000 -0.75000 30.72088
 0.65000 -0.75000 30.47071
 0.70000 -0.75000 30.19909
 0.75000 -0.75000 29.90846
 0.80000 -0.75000 29.59996
 0.85000 -0.75000 29.27426
 0.90000 -0.75000 28.93201
 0.95000 -0.75000 28.57387
 1.00000 -0.75000 28.20046


-1.00000 -0.70000 28.73615
-0.95000 -0.70000 29.09188
-0.90000 -0.70000 29.43280
-0.85000 -0.70000 29.75853
-0.80000 -0.70000 30.06878
-0.75000 -0.70000 30.36336
-0.70000 -0.70000 30.64217
-0.65000 -0.70000 30.90598
-0.60000 -0.70000 31.15797
-0.55000 -0.70000 31.40196
-0.50000 -0.70000 31.64372
-0.45000 -0.70000 31.89110
-0.40000 -0.70000 32.15384
-0.35000 -0.70000 32.44272
-0.30000 -0.70000 32.76808
-0.25000 -0.70000 33.13771
-0.20000 -0.70000 33.55460
-0.15000 -0.70000 34.01500
-0.10000 -0.70000 34.50750
-0.05000 -0.70000 35.01356
 0.00000 -0.70000 35.50961
 0.05000 -0.70000 35.97028
 0.10000 -0.70000 36.37212
 0.15000 -0.70000 36.69684
 0.20000 -0.70000 36.93339
 0.25000 -0.70000 37.07841
 0.30000 -0.70000 37.13535
 0.35000 -0.70000 37.11246
 0.40000 -0.70000 37.02059
 0.45000 -0.70000 36.87105
 0.50000 -0.70000 36.67415
 0.55000 -0.70000 36.43838
 0.60000 -0.70000 36.17021
 0.65000 -0.70000 35.87423
 0.70000 -0.70000 35.55445
 0.75000 -0.70000 35.21256
 0.80000 -0.70000 34.84945
 0.85000 -0.70000 34.46596
 0.90000 -0.70000 34.06293
 0.95000 -0.70000 33.64112
 1.00000 -0.70000 33.20131


-1.00000 -0.65000 33.82699
-0.95000 -0.65000 34.24509
-0.90000 -0.65000 34.64584
-0.85000 -0.65000 35.02885
-0.80000 -0.65000 35.39381
-0.75000 -0.65000 35.74057
-0.70000 -0.65000 36.06912
-0.65000 -0.65000 36.37959
-0.60000 -0.65000 36.67337
-0.55000 -0.65000 36.95602
-0.50000 -0.65000 37.23332
-0.45000 -0.65000 37.51315
-0.40000 -0.65000 37.80529
-0.35000 -0.65000 38.12062
-0.30000 -0.65000 38.46954
-0.25000 -0.65000 38.85988
-0.20000 -0.65000 39.29464
-0.15000 -0.65000 39.76999
-0.10000 -0.65000 40.27439
-0.05000 -0.65000 40.78907
 0.00000 -0.65000 41.29019
 0.05000 -0.65000 41.75211
 0.10000 -0.65000 42.15111
 0.15000 -0.65000 42.46875
 0.20000 -0.65000 42.69383
 0.25000 -0.65000 42.82302
 0.30000 -0.65000 42.85979
 0.35000 -0.65000 42.81254
 0.40000 -0.65000 42.69225
 0.45000 -0.65000 42.51040
 0.50000 -0.65000 42.27746
 0.55000 -0.65000 42.00206
 0.60000 -0.65000 41.69078
 0.65000 -0.65000 41.35007
 0.70000 -0.65000 40.98232
 0.75000 -0.65000 40.58873
 0.80000 -0.65000 40.17043
 0.85000 -0.65000 39.72848
 0.90000 -0.65000 39.26387
 0.95000 -0.65000 38.77756
 1.00000 -0.65000 38.27045


-1.00000 -0.60000 38.98458
-0.95000 -0.60000 39.46573
-0.90000 -0.60000 39.92702
-0.85000 -0.60000 40.36801
-0.80000 -0.60000 40.78846
-0.75000 -0.60000 41.18828
-0.70000 -0.60000 41.56757
-0.65000 -0.60000 41.92662
-0.60000 -0.60000 42.26593
-0.55000 -0.60000 42.58759
-0.50000 -0.60000 42.90072
-0.45000 -0.60000 43.21322
-0.40000 -0.60000 43.53492
-0.35000 -0.60000 43.87676
-0.30000 -0.60000 44.24919
-0.25000 -0.60000 44.66011
-0.20000 -0.60000 45.11248
-0.15000 -0.60000 45.60243
-0.10000 -0.60000 46.11828
-0.05000 -0.60000 46.64105
 0.00000 -0.60000 47.14667
 0.05000 -0.60000 47.60923
 0.10000 -0.60000 48.00480
 0.15000 -0.60000 48.31474
 0.20000 -0.60000 48.52779
 0.25000 -0.60000 48.64058
 0.30000 -0.60000 48.65665
 0.35000 -0.60000 48.58451
 0.40000 -0.60000 48.43528
 0.45000 -0.60000 48.22060
 0.50000 -0.60000 47.95108
 0.55000 -0.60000 47.63548
 0.60000 -0.60000 47.28379
 0.65000 -0.60000 46.89920
 0.70000 -0.60000 46.48331
 0.75000 -0.60000 46.03765
 0.80000 -0.60000 45.56363
 0.85000 -0.60000 45.06255
 0.90000 -0.60000 44.53562
 0.95000 -0.60000 43.98396
 1.00000 -0.60000 43.40866


-1.00000 -0.55000 44.20911
-0.95000 -0.55000 44.75403
-0.90000 -0.55000 45.27655
-0.85000 -0.55000 45.77629
-0.80000 -0.55000 46.25304
-0.75000 -0.55000 46.70683
-0.70000 -0.55000 47.13793
-0.65000 -0.55000 47.54687
-0.60000 -0.55000 47.93440
-0.55000 -0.55000 48.30149
-0.50000 -0.55000 48.65076
-0.45000 -0.55000 48.99618
-0.40000 -0.55000 49.34762
-0.35000 -0.55000 49.71605
-0.30000 -0.55000 50.11198
-0.25000 -0.55000 50.54334
-0.20000 -0.55000 51.01310
-0.15000 -0.55000 51.51731
-0.10000 -0.55000 52.04415
-0.05000 -0.55000 52.57450
 0.00000 -0.55000 53.08405
 0.05000 -0.55000 53.54665
 0.10000 -0.55000 53.93817
 0.15000 -0.55000 54.23982
 0.20000 -0.55000 54.44024
 0.25000 -0.55000 54.53607
 0.30000 -0.55000 54.53089
 0.35000 -0.55000 54.43333
 0.40000 -0.55000 54.25462
 0.45000 -0.55000 54.00655
 0.50000 -0.55000 53.69987
 0.55000 -0.55000 53.34943
 0.60000 -0.55000 52.95895
 0.65000 -0.55000 52.53059
 0.70000 -0.55000 52.06639
 0.75000 -0.55000 51.56826
 0.80000 -0.55000 51.03795
 0.85000 -0.55000 50.47702
 0.90000 -0.55000 49.88694
 0.95000 -0.55000 49.26903
 1.00000 -0.55000 48.62455


-1.00000 -0.50000 49.50871
-0.95000 -0.50000 50.11819
-0.90000 -0.50000 50.70278
-0.85000 -0.50000 51.26212
-0.80000 -0.50000 51.79610
-0.75000 -0.50000 52.30490
-0.70000 -0.50000 52.78900
-0.65000 -0.50000 53.24923
-0.60000 -0.50000 53.68671
-0.55000 -0.50000 54.10279
-0.50000 -0.50000 54.49896
-0.45000 -0.50000 54.87764
-0.40000 -0.50000 55.25906
-0.35000 -0.50000 55.65424
-0.30000 -0.50000 56.07371
-0.25000 -0.50000 56.52544
-0.20000 -0.50000 57.01238
-0.15000 -0.50000 57.53052
-0.10000 -0.50000 58.06796
-0.05000 -0.50000 58.60538
 0.00000 -0.50000 59.11827
 0.05000 -0.50000 59.58030
 0.10000 -0.50000 59.96714
 0.15000 -0.50000 60.25987
 0.20000 -0.50000 60.44705
 0.25000 -0.50000 60.52530
 0.30000 -0.50000 60.49827
 0.35000 -0.50000 60.37467
 0.40000 -0.50000 60.16587
 0.45000 -0.50000 59.88378
 0.50000 -0.50000 59.54950
 0.55000 -0.50000 59.16656
 0.60000 -0.50000 58.73768
 0.65000 -0.50000 58.26556
 0.70000 -0.50000 57.75275
 0.75000 -0.50000 57.20158
 0.80000 -0.50000 56.61420
 0.85000 -0.50000 55.99251
 0.90000 -0.50000 55.33823
 0.95000 -0.50000 54.65292
 1.00000 -0.50000 53.93804


-1.00000 -0.45000 54.90296
-0.95000 -0.45000 55.57806
-0.90000 -0.45000 56.22578
-0.85000 -0.45000 56.84581
-0.80000 -0.45000 57.43816
-0.75000 -0.45000 58.00319
-0.70000 -0.45000 58.54167
-0.65000 -0.45000 59.05477
-0.60000 -0.45000 59.54403
-0.55000 -0.45000 60.01131
-0.50000 -0.45000 60.45860
-0.45000 -0.45000 60.88787
-0.40000 -0.45000 61.30078
-0.35000 -0.45000 61.72298
-0.30000 -0.45000 62.16616
-0.25000 -0.45000 62.63827
-0.20000 -0.45000 63.14227
-0.15000 -0.45000 63.67411
-0.10000 -0.45000 64.22174
-0.05000 -0.45000 64.76574
 0.00000 -0.45000 65.28141
 0.05000 -0.45000 65.74224
 0.10000 -0.45000 66.12373
 0.15000 -0.45000 66.40683
 0.20000 -0.45000 66.58006
 0.25000 -0.45000 66.64002
 0.30000 -0.45000 66.59042
 0.35000 -0.45000 66.44003
 0.40000 -0.45000 66.20146
 0.45000 -0.45000 65.90119
 0.50000 -0.45000 65.54201
 0.55000 -0.45000 65.12714
 0.60000 -0.45000 64.65994
 0.65000 -0.45000 64.14373
 0.70000 -0.45000 63.58163
 0.75000 -0.45000 62.97649
 0.80000 -0.45000 62.33090
 0.85000 -0.45000 61.64711
 0.90000 -0.45000 60.92715
 0.95000 -0.45000 60.17286
 1.00000 -0.45000 59.38589


-1.00000 -0.40000 60.42851
-0.95000 -0.40000 61.17074
-0.90000 -0.40000 61.88307
-0.85000 -0.40000 62.56527
-0.80000 -0.40000 63.21749
-0.75000 -0.40000 63.84032
-0.70000 -0.40000 64.43483
-0.65000 -0.40000 65.00259
-0.60000 -0.40000 65.54566
-0.55000 -0.40000 66.06642
-0.50000 -0.40000 66.56747
-0.45000 -0.40000 67.05134
-0.40000 -0.40000 67.52019
-0.35000 -0.40000 67.97545
-0.30000 -0.40000 68.44269
-0.25000 -0.40000 68.93537
-0.20000 -0.40000 69.45644
-0.15000 -0.40000 70.00181
-0.10000 -0.40000 70.55933
-0.05000 -0.40000 71.10946
 0.00000 -0.40000 71.62733
 0.05000 -0.40000 72.08629
 0.10000 -0.40000 72.46169
 0.15000 -0.40000 72.73438
 0.20000 -0.40000 72.89282
 0.25000 -0.40000 72.93361
 0.30000 -0.40000 72.86049
 0.35000 -0.40000 72.68782
 0.40000 -0.40000 72.44200
 0.45000 -0.40000 72.12560
 0.50000 -0.40000 71.74202
 0.55000 -0.40000 71.29517
 0.60000 -0.40000 70.78911
 0.65000 -0.40000 70.22786
 0.70000 -0.40000 69.61519
 0.75000 -0.40000 68.95452
 0.80000 -0.40000 68.24890
 0.85000 -0.40000 67.50101
 0.90000 -0.40000 66.71322
 0.95000 -0.40000 65.88762
 1.00000 -0.40000 65.02610


-1.00000 -0.35000 66.14356
-0.95000 -0.35000 66.95514
-0.90000 -0.35000 67.73423
-0.85000 -0.35000 68.48069
-0.80000 -0.35000 69.19484
-0.75000 -0.35000 69.87751
-0.70000 -0.35000 70.53012
-0.65000 -0.35000 71.15468
-0.60000 -0.35000 71.75377
-0.55000 -0.35000 72.33040
-0.50000 -0.35000 72.88778
-0.45000 -0.35000 73.42908
-0.40000 -0.35000 73.95697
-0.35000 -0.35000 74.47327
-0.30000 -0.35000 74.97847
-0.25000 -0.35000 75.49217
-0.20000 -0.35000 76.03054
-0.15000 -0.35000 76.58943
-0.10000 -0.35000 77.15665
-0.05000 -0.35000 77.71251
 0.00000 -0.35000 78.23205
 0.05000 -0.35000 78.68843
 0.10000 -0.35000 79.05694
 0.15000 -0.35000 79.31830
 0.20000 -0.35000 79.46093
 0.25000 -0.35000 79.48145
 0.30000 -0.35000 79.39681
 0.35000 -0.35000 79.22747
 0.40000 -0.35000 78.97504
 0.45000 -0.35000 78.64256
 0.50000 -0.35000 78.23408
 0.55000 -0.35000 77.75425
 0.60000 -0.35000 77.20791
 0.65000 -0.35000 76.59982
 0.70000 -0.35000 75.93445
 0.75000 -0.35000 75.21582
 0.80000 -0.35000 74.44752
 0.85000 -0.35000 73.63264
 0.90000 -0.35000 72.77392
 0.95000 -0.35000 71.87374
 1.00000 -0.35000 70.93426


-1.00000 -0.30000 72.12665
-0.95000 -0.30000 73.01182
-0.90000 -0.30000 73.86069
-0.85000 -0.30000 74.67433
-0.80000 -0.30000 75.45321
-0.75000 -0.30000 76.19842
-0.70000 -0.30000 76.91173
-0.65000 -0.30000 77.59561
-0.60000 -0.30000 78.25319
-0.55000 -0.30000 78.88809
-0.50000 -0.30000 79.50421
-0.45000 -0.30000 80.10534
-0.40000 -0.30000 80.69470
-0.35000 -0.30000 81.27449
-0.30000 -0.30000 81.84535
-0.25000 -0.30000 82.40595
-0.20000 -0.30000 82.96210
-0.15000 -0.30000 83.53474
-0.10000 -0.30000 84.11159
-0.05000 -0.30000 84.67288
 0.00000 -0.30000 85.19353
 0.05000 -0.30000 85.64662
 0.10000 -0.30000 86.00729
 0.15000 -0.30000 86.25624
 0.20000 -0.30000 86.38184
 0.25000 -0.30000 86.40570
 0.30000 -0.30000 86.33449
 0.35000 -0.30000 86.16794
 0.40000 -0.30000 85.90789
 0.45000 -0.30000 85.55789
 0.50000 -0.30000 85.12266
 0.55000 -0.30000 84.60761
 0.60000 -0.30000 84.01840
 0.65000 -0.30000 83.36055
 0.70000 -0.30000 82.63925
 0.75000 -0.30000 81.85915
 0.80000 -0.30000 81.02438
 0.85000 -0.30000 80.13850
 0.90000 -0.30000 79.20461
 0.95000 -0.30000 78.22648
 1.00000 -0.30000 77.20696


-1.00000 -0.25000 78.48441
-0.95000 -0.25000 79.46138
-0.90000 -0.25000 80.39778
-0.85000 -0.25000 81.29210
-0.80000 -0.25000 82.14293
-0.75000 -0.25000 82.95439
-0.70000 -0.25000 83.73184
-0.65000 -0.25000 84.47821
-0.60000 -0.25000 85.19715
-0.55000 -0.25000 85.89290
-0.50000 -0.25000 86.56999
-0.45000 -0.25000 87.23284
-0.40000 -0.25000 87.88520
-0.35000 -0.25000 88.52966
-0.30000 -0.25000 89.16697
-0.25000 -0.25000 89.79567
-0.20000 -0.25000 90.41167
-0.15000 -0.25000 91.00822
-0.10000 -0.25000 91.59463
-0.05000 -0.25000 92.16091
 0.00000 -0.25000 92.68192
 0.05000 -0.25000 93.13063
 0.10000 -0.25000 93.48212
 0.15000 -0.25000 93.72687
 0.20000 -0.25000 93.87477
 0.25000 -0.25000 93.91985
 0.30000 -0.25000 93.85904
 0.35000 -0.25000 93.69199
 0.40000 -0.25000 93.42078
 0.45000 -0.25000 93.04945
 0.50000 -0.25000 92.58338
 0.55000 -0.25000 92.02875
 0.60000 -0.25000 91.39200
 0.65000 -0.25000 90.67946
 0.70000 -0.25000 89.89700
 0.75000 -0.25000 89.04992
 0.80000 -0.25000 88.14609
 0.85000 -0.25000 87.19224
 0.90000 -0.25000 86.18984
 0.95000 -0.25000 85.14041
 1.00000 -0.25000 84.04556


-1.00000 -0.20000 85.43526
-0.95000 -0.20000 86.53894
-0.90000 -0.20000 87.59933
-0.85000 -0.20000 88.61472
-0.80000 -0.20000 89.58349
-0.75000 -0.20000 90.50409
-0.70000 -0.20000 91.37502
-0.65000 -0.20000 92.19487
-0.60000 -0.20000 92.97962
-0.55000 -0.20000 93.73991
-0.50000 -0.20000 94.48085
-0.45000 -0.20000 95.20741
-0.40000 -0.20000 95.92386
-0.35000 -0.20000 96.63309
-0.30000 -0.20000 97.33600
-0.25000 -0.20000 98.03095
-0.20000 -0.20000 98.71339
-0.15000 -0.20000 99.37577
-0.10000 -0.20000 100.00778
-0.05000 -0.20000 100.59686
 0.00000 -0.20000 101.12906
 0.05000 -0.20000 101.59000
 0.10000 -0.20000 101.96593
 0.15000 -0.20000 102.24475
 0.20000 -0.20000 102.41683
 0.25000 -0.20000 102.47547
 0.30000 -0.20000 102.41720
 0.35000 -0.20000 102.24161
 0.40000 -0.20000 101.95102
 0.45000 -0.20000 101.54994
 0.50000 -0.20000 101.04438
 0.55000 -0.20000 100.44123
 0.60000 -0.20000 99.74770
 0.65000 -0.20000 98.97661
 0.70000 -0.20000 98.14619
 0.75000 -0.20000 97.25764
 0.80000 -0.20000 96.31228
 0.85000 -0.20000 95.31151
 0.90000 -0.20000 94.25683
 0.95000 -0.20000 93.14983
 1.00000 -0.20000 91.99218


-1.00000 -0.15000 93.54666
-0.95000 -0.15000 94.83752
-0.90000 -0.15000 96.08269
-0.85000 -0.15000 97.28016
-0.80000 -0.15000 98.42797
-0.75000 -0.15000 99.52427
-0.70000 -0.15000 100.56725
-0.65000 -0.15000 101.55520
-0.60000 -0.15000 102.48650
-0.55000 -0.15000 103.35962
-0.50000 -0.15000 104.17311
-0.45000 -0.15000 104.96796
-0.40000 -0.15000 105.75122
-0.35000 -0.15000 106.52606
-0.30000 -0.15000 107.29346
-0.25000 -0.15000 108.05163
-0.20000 -0.15000 108.79562
-0.15000 -0.15000 109.51717
-0.10000 -0.15000 110.20502
-0.05000 -0.15000 110.84547
 0.00000 -0.15000 111.42326
 0.05000 -0.15000 111.92269
 0.10000 -0.15000 112.32873
 0.15000 -0.15000 112.62818
 0.20000 -0.15000 112.81050
 0.25000 -0.15000 112.86837
 0.30000 -0.15000 112.79801
 0.35000 -0.15000 112.59897
 0.40000 -0.15000 112.27381
 0.45000 -0.15000 111.82744
 0.50000 -0.15000 111.26881
 0.55000 -0.15000 110.64067
 0.60000 -0.15000 109.94387
 0.65000 -0.15000 109.17936
 0.70000 -0.15000 108.34822
 0.75000 -0.15000 107.45161
 0.80000 -0.15000 106.49081
 0.85000 -0.15000 105.46720
 0.90000 -0.15000 104.38228
 0.95000 -0.15000 103.23762
 1.00000 -0.15000 102.03493


-1.00000 -0.10000 103.81595
-0.95000 -0.10000 105.36387
-0.90000 -0.10000 106.86347
-0.85000 -0.10000 108.31230
-0.80000 -0.10000 109.70796
-0.75000 -0.10000 111.04814
-0.70000 -0.10000 112.33063
-0.65000 -0.10000 113.55331
-0.60000 -0.10000 114.71413
-0.55000 -0.10000 115.81119
-0.50000 -0.10000 116.84265
-0.45000 -0.10000 117.80681
-0.40000 -0.10000 118.70205
-0.35000 -0.10000 119.54685
-0.30000 -0.10000 120.38000
-0.25000 -0.10000 121.19958
-0.20000 -0.10000 122.00028
-0.15000 -0.10000 122.77332
-0.10000 -0.10000 123.50669
-0.05000 -0.10000 124.18580
 0.00000 -0.10000 124.79440
 0.05000 -0.10000 125.31578
 0.10000 -0.10000 125.73395
 0.15000 -0.10000 126.03485
 0.20000 -0.10000 126.20727
 0.25000 -0.10000 126.24346
 0.30000 -0.10000 126.13941
 0.35000 -0.10000 125.89468
 0.40000 -0.10000 125.54956
 0.45000 -0.10000 125.12428
 0.50000 -0.10000 124.61933
 0.55000 -0.10000 124.03534
 0.60000 -0.10000 123.37303
 0.65000 -0.10000 122.63326
 0.70000 -0.10000 121.81701
 0.75000 -0.10000 120.92535
 0.80000 -0.10000 119.95949
 0.85000 -0.10000 118.92077
 0.90000 -0.10000 117.81061
 0.95000 -0.10000 116.63058
 1.00000 -0.10000 115.38235


-1.00000 -0.05000 117.41607
-0.95000 -0.05000 119.25806
-0.90000 -0.05000 121.04737
-0.85000 -0.05000 122.78102
-0.80000 -0.05000 124.45615
-0.75000 -0.05000 126.06995
-0.70000 -0.05000 127.61974
-0.65000 -0.05000 129.10294
-0.60000 -0.05000 130.51708
-0.55000 -0.05000 131.85980
-0.50000 -0.05000 133.12887
-0.45000 -0.05000 134.32218
-0.40000 -0.05000 135.43774
-0.35000 -0.05000 136.47371
-0.30000 -0.05000 137.42836
-0.25000 -0.05000 138.31103
-0.20000 -0.05000 139.16640
-0.15000 -0.05000 139.98532
-0.10000 -0.05000 140.75528
-0.05000 -0.05000 141.46113
 0.00000 -0.05000 142.08600
 0.05000 -0.05000 142.61252
 0.10000 -0.05000 143.02413
 0.15000 -0.05000 143.30624
 0.20000 -0.05000 143.44725
 0.25000 -0.05000 143.43915
 0.30000 -0.05000 143.32784
 0.35000 -0.05000 143.12422
 0.40000 -0.05000 142.82842
 0.45000 -0.05000 142.44071
 0.50000 -0.05000 141.96149
 0.55000 -0.05000 141.39129
 0.60000 -0.05000 140.73078
 0.65000 -0.05000 139.98074
 0.70000 -0.05000 139.14210
 0.75000 -0.05000 138.21592
 0.80000 -0.05000 137.20339
 0.85000 -0.05000 136.10583
 0.90000 -0.05000 134.92471
 0.95000 -0.05000 133.66162
 1.00000 -0.05000 132.31831


-1.00000  0.00000 134.55138
-0.95000  0.00000 136.65439
-0.90000  0.00000 138.69709
-0.85000  0.00000 140.67611
-0.80000  0.00000 142.58816
-0.75000  0.00000 144.43007
-0.70000  0.00000 146.19877
-0.65000  0.00000 147.89132
-0.60000  0.00000 149.50489
-0.55000  0.00000 151.03681
-0.50000  0.00000 152.48453
-0.45000  0.00000 153.84563
-0.40000  0.00000 155.11785
-0.35000  0.00000 156.29908
-0.30000  0.00000 157.38735
-0.25000  0.00000 158.38084
-0.20000  0.00000 159.29029
-0.15000  0.00000 160.15145
-0.10000  0.00000 160.95161
-0.05000  0.00000 161.67539
 0.00000  0.00000 162.30569
 0.05000  0.00000 162.82493
 0.10000  0.00000 163.21633
 0.15000  0.00000 163.46517
 0.20000  0.00000 163.55972
 0.25000  0.00000 163.53689
 0.30000  0.00000 163.40890
 0.35000  0.00000 163.17575
 0.40000  0.00000 162.83758
 0.45000  0.00000 162.39470
 0.50000  0.00000 161.84756
 0.55000  0.00000 161.19675
 0.60000  0.00000 160.44302
 0.65000  0.00000 159.58726
 0.70000  0.00000 158.63052
 0.75000  0.00000 157.57400
 0.80000  0.00000 156.41905
 0.85000  0.00000 155.16719
 0.90000  0.00000 153.82007
 0.95000  0.00000 152.37951
 1.00000  0.00000 150.84750


-1.00000  0.05000 153.15237
-0.95000  0.05000 155.42246
-0.90000  0.05000 157.62175
-0.85000  0.05000 159.74664
-0.80000  0.05000 161.79366
-0.75000  0.05000 163.75941
-0.70000  0.05000 165.64067
-0.65000  0.05000 167.43431
-0.60000  0.05000 169.13737
-0.55000  0.05000 170.74701
-0.50000  0.05000 172.26057
-0.45000  0.05000 173.67552
-0.40000  0.05000 174.98950
-0.35000  0.05000 176.20030
-0.30000  0.05000 177.30590
-0.25000  0.05000 178.31530
-0.20000  0.05000 179.27277
-0.15000  0.05000 180.16898
-0.10000  0.05000 180.99131
-0.05000  0.05000 181.72450
 0.00000  0.05000 182.35164
 0.05000  0.05000 182.85534
 0.10000  0.05000 183.21906
 0.15000  0.05000 183.42825
 0.20000  0.05000 183.47138
 0.25000  0.05000 183.34054
 0.30000  0.05000 183.08159
 0.35000  0.05000 182.70557
 0.40000  0.05000 182.21282
 0.45000  0.05000 181.60386
 0.50000  0.05000 180.87936
 0.55000  0.05000 180.04017
 0.60000  0.05000 179.08732
 0.65000  0.05000 178.02201
 0.70000  0.05000 176.84561
 0.75000  0.05000 175.55965
 0.80000  0.05000 174.16585
 0.85000  0.05000 172.66609
 0.90000  0.05000 171.06245
 0.95000  0.05000 169.35715
 1.00000  0.05000 167.55260


-1.00000  0.10000 169.79189
-0.95000  0.10000 172.13078
-0.90000  0.10000 174.38798
-0.85000  0.10000 176.55986
-0.80000  0.10000 178.64290
-0.75000  0.10000 180.63370
-0.70000  0.10000 182.52901
-0.65000  0.10000 184.32573
-0.60000  0.10000 186.02091
-0.55000  0.10000 187.61173
-0.50000  0.10000 189.09555
-0.45000  0.10000 190.46990
-0.40000  0.10000 191.73246
-0.35000  0.10000 192.90089
-0.30000  0.10000 194.01312
-0.25000  0.10000 195.06672
-0.20000  0.10000 196.05597
-0.15000  0.10000 196.97177
-0.10000  0.10000 197.80188
-0.05000  0.10000 198.53154
 0.00000  0.10000 199.14442
 0.05000  0.10000 199.62377
 0.10000  0.10000 199.95365
 0.15000  0.10000 200.12007
 0.20000  0.10000 200.11194
 0.25000  0.10000 199.92169
 0.30000  0.10000 199.54552
 0.35000  0.10000 198.98327
 0.40000  0.10000 198.27537
 0.45000  0.10000 197.44239
 0.50000  0.10000 196.48534
 0.55000  0.10000 195.40545
 0.60000  0.10000 194.20411
 0.65000  0.10000 192.88293
 0.70000  0.10000 191.44368
 0.75000  0.10000 189.88836
 0.80000  0.10000 188.21913
 0.85000  0.10000 186.43836
 0.90000  0.10000 184.54858
 0.95000  0.10000 182.55253
 1.00000  0.10000 180.45314


-1.00000  0.15000 182.54553
-0.95000  0.15000 184.90433
-0.90000  0.15000 187.17253
-0.85000  0.15000 189.34651
-0.80000  0.15000 191.42281
-0.75000  0.15000 193.39808
-0.70000  0.15000 195.26914
-0.65000  0.15000 197.03292
-0.60000  0.15000 198.68655
-0.55000  0.15000 200.22730
-0.50000  0.15000 201.65261
-0.45000  0.15000 203.00193
-0.40000  0.15000 204.28125
-0.35000  0.15000 205.49285
-0.30000  0.15000 206.63692
-0.25000  0.15000 207.71100
-0.20000  0.15000 208.70957
-0.15000  0.15000 209.62395
-0.10000  0.15000 210.44258
-0.05000  0.15000 211.15152
 0.00000  0.15000 211.73541
 0.05000  0.15000 212.17851
 0.10000  0.15000 212.46585
 0.15000  0.15000 212.58431
 0.20000  0.15000 212.52352
 0.25000  0.15000 212.27641
 0.30000  0.15000 211.83947
 0.35000  0.15000 211.21264
 0.40000  0.15000 210.39890
 0.45000  0.15000 209.40371
 0.50000  0.15000 208.23664
 0.55000  0.15000 206.94091
 0.60000  0.15000 205.51827
 0.65000  0.15000 203.97068
 0.70000  0.15000 202.30032
 0.75000  0.15000 200.50956
 0.80000  0.15000 198.60097
 0.85000  0.15000 196.57734
 0.90000  0.15000 194.44165
 0.95000  0.15000 192.19706
 1.00000  0.15000 189.84695


-1.00000  0.20000 191.77195
-0.95000  0.20000 194.15237
-0.90000  0.20000 196.43597
-0.85000  0.20000 198.61912
-0.80000  0.20000 200.69837
-0.75000  0.20000 202.67040
-0.70000  0.20000 204.53204
-0.65000  0.20000 206.28027
-0.60000  0.20000 207.92927
-0.55000  0.20000 209.48805
-0.50000  0.20000 210.96031
-0.45000  0.20000 212.34969
-0.40000  0.20000 213.65924
-0.35000  0.20000 214.89077
-0.30000  0.20000 216.04423
-0.25000  0.20000 217.11717
-0.20000  0.20000 218.10438
-0.15000  0.20000 218.99780
-0.10000  0.20000 219.78673
-0.05000  0.20000 220.45837
 0.00000  0.20000 220.99861
 0.05000  0.20000 221.39303
 0.10000  0.20000 221.62794
 0.15000  0.20000 221.69137
 0.20000  0.20000 221.57385
 0.25000  0.20000 221.26899
 0.30000  0.20000 220.77365
 0.35000  0.20000 220.08785
 0.40000  0.20000 219.21444
 0.45000  0.20000 218.15856
 0.50000  0.20000 216.92696
 0.55000  0.20000 215.52741
 0.60000  0.20000 213.96811
 0.65000  0.20000 212.26295
 0.70000  0.20000 210.43131
 0.75000  0.20000 208.47584
 0.80000  0.20000 206.39940
 0.85000  0.20000 204.20506
 0.90000  0.20000 201.89611
 0.95000  0.20000 199.47602
 1.00000  0.20000 196.94846


-1.00000  0.25000 198.70930
-0.95000  0.25000 201.13007
-0.90000  0.25000 203.44985
-0.85000  0.25000 205.66500
-0.80000  0.25000 207.77201
-0.75000  0.25000 209.77288
-0.70000  0.25000 211.67095
-0.65000  0.25000 213.46724
-0.60000  0.25000 215.16359
-0.55000  0.25000 216.76251
-0.50000  0.25000 218.26693
-0.45000  0.25000 219.67976
-0.40000  0.25000 221.00338
-0.35000  0.25000 222.23914
-0.30000  0.25000 223.38673
-0.25000  0.25000 224.44375
-0.20000  0.25000 225.40537
-0.15000  0.25000 226.26424
-0.10000  0.25000 227.02892
-0.05000  0.25000 227.68913
 0.00000  0.25000 228.21976
 0.05000  0.25000 228.59398
 0.10000  0.25000 228.78708
 0.15000  0.25000 228.78965
 0.20000  0.25000 228.61148
 0.25000  0.25000 228.24693
 0.30000  0.25000 227.69329
 0.35000  0.25000 226.95070
 0.40000  0.25000 226.02185
 0.45000  0.25000 224.91147
 0.50000  0.25000 223.62578
 0.55000  0.25000 222.17195
 0.60000  0.25000 220.55753
 0.65000  0.25000 218.79012
 0.70000  0.25000 216.87700
 0.75000  0.25000 214.82505
 0.80000  0.25000 212.64380
 0.85000  0.25000 210.34182
 0.90000  0.25000 207.92257
 0.95000  0.25000 205.38972
 1.00000  0.25000 202.74714


-1.00000  0.30000 204.34312
-0.95000  0.30000 206.81603
-0.90000  0.30000 209.18631
-0.85000  0.30000 211.45258
-0.80000  0.30000 213.61297
-0.75000  0.30000 215.66631
-0.70000  0.30000 217.61222
-0.65000  0.30000 219.45108
-0.60000  0.30000 221.18402
-0.55000  0.30000 222.81279
-0.50000  0.30000 224.33949
-0.45000  0.30000 225.76628
-0.40000  0.30000 227.09487
-0.35000  0.30000 228.32609
-0.30000  0.30000 229.45940
-0.25000  0.30000 230.49244
-0.20000  0.30000 231.42999
-0.15000  0.30000 232.29175
-0.10000  0.30000 233.06511
-0.05000  0.30000 233.73016
 0.00000  0.30000 234.26193
 0.05000  0.30000 234.63371
 0.10000  0.30000 234.82094
 0.15000  0.30000 234.80456
 0.20000  0.30000 234.57320
 0.25000  0.30000 234.14832
 0.30000  0.30000 233.53683
 0.35000  0.30000 232.73900
 0.40000  0.30000 231.75732
 0.45000  0.30000 230.59611
 0.50000  0.30000 229.26100
 0.55000  0.30000 227.75850
 0.60000  0.30000 226.09548
 0.65000  0.30000 224.27888
 0.70000  0.30000 222.31543
 0.75000  0.30000 220.21151
 0.80000  0.30000 217.97311
 0.85000  0.30000 215.60584
 0.90000  0.30000 213.11496
 0.95000  0.30000 210.50660
 1.00000  0.30000 207.78602


-1.00000  0.35000 209.20874
-0.95000  0.35000 211.73812
-0.90000  0.35000 214.16331
-0.85000  0.35000 216.48158
-0.80000  0.35000 218.69070
-0.75000  0.35000 220.78909
-0.70000  0.35000 222.77581
-0.65000  0.35000 224.65064
-0.60000  0.35000 226.41400
-0.55000  0.35000 228.06687
-0.50000  0.35000 229.61055
-0.45000  0.35000 231.04642
-0.40000  0.35000 232.37552
-0.35000  0.35000 233.59820
-0.30000  0.35000 234.71365
-0.25000  0.35000 235.73983
-0.20000  0.35000 236.69154
-0.15000  0.35000 237.56393
-0.10000  0.35000 238.34441
-0.05000  0.35000 239.01320
 0.00000  0.35000 239.54546
 0.05000  0.35000 239.91466
 0.10000  0.35000 240.09636
 0.15000  0.35000 240.07164
 0.20000  0.35000 239.82917
 0.25000  0.35000 239.36582
 0.30000  0.35000 238.69859
 0.35000  0.35000 237.84810
 0.40000  0.35000 236.81666
 0.45000  0.35000 235.60816
 0.50000  0.35000 234.22765
 0.55000  0.35000 232.68094
 0.60000  0.35000 230.97422
 0.65000  0.35000 229.11375
 0.70000  0.35000 227.10570
 0.75000  0.35000 224.95594
 0.80000  0.35000 222.67009
 0.85000  0.35000 220.25345
 0.90000  0.35000 217.71111
 0.95000  0.35000 215.04798
 1.00000  0.35000 212.26888


-1.00000  0.40000 213.50390
-0.95000  0.40000 216.08404
-0.90000  0.40000 218.55767
-0.85000  0.40000 220.92180
-0.80000  0.40000 223.17387
-0.75000  0.40000 225.31188
-0.70000  0.40000 227.33441
-0.65000  0.40000 229.24064
-0.60000  0.40000 231.03032
-0.55000  0.40000 232.70368
-0.50000  0.40000 234.26128
-0.45000  0.40000 235.70373
-0.40000  0.40000 237.03147
-0.35000  0.40000 238.24433
-0.30000  0.40000 239.36576
-0.25000  0.40000 240.40765
-0.20000  0.40000 241.37184
-0.15000  0.40000 242.25345
-0.10000  0.40000 243.03997
-0.05000  0.40000 243.71176
 0.00000  0.40000 244.24415
 0.05000  0.40000 244.61077
 0.10000  0.40000 244.78737
 0.15000  0.40000 244.75512
 0.20000  0.40000 244.50279
 0.25000  0.40000 244.02724
 0.30000  0.40000 243.33251
 0.35000  0.40000 242.43318
 0.40000  0.40000 241.35588
 0.45000  0.40000 240.10410
 0.50000  0.40000 238.68230
 0.55000  0.40000 237.09565
 0.60000  0.40000 235.34966
 0.65000  0.40000 233.44997
 0.70000  0.40000 231.40215
 0.75000  0.40000 229.21161
 0.80000  0.40000 226.88359
 0.85000  0.40000 224.42311
 0.90000  0.40000 221.83507
 0.95000  0.40000 219.12425
 1.00000  0.40000 216.29541


-1.00000  0.45000 217.32791
-0.95000  0.45000 219.95323
-0.90000  0.45000 222.47002
-0.85000  0.45000 224.87502
-0.80000  0.45000 227.16539
-0.75000  0.45000 229.33875
-0.70000  0.45000 231.39322
-0.65000  0.45000 233.32744
-0.60000  0.45000 235.14053
-0.55000  0.45000 236.83206
-0.50000  0.45000 238.40188
-0.45000  0.45000 239.84993
-0.40000  0.45000 241.17604
-0.35000  0.45000 242.40337
-0.30000  0.45000 243.54178
-0.25000  0.45000 244.59771
-0.20000  0.45000 245.57292
-0.15000  0.45000 246.46257
-0.10000  0.45000 247.25422
-0.05000  0.45000 247.92836
 0.00000  0.45000 248.46052
 0.05000  0.45000 248.82452
 0.10000  0.45000 248.99630
 0.15000  0.45000 248.95718
 0.20000  0.45000 248.69599
 0.25000  0.45000 248.20960
 0.30000  0.45000 247.50201
 0.35000  0.45000 246.58236
 0.40000  0.45000 245.46374
 0.45000  0.45000 244.17303
 0.50000  0.45000 242.71419
 0.55000  0.45000 241.09177
 0.60000  0.45000 239.31066
 0.65000  0.45000 237.37591
 0.70000  0.45000 235.29257
 0.75000  0.45000 233.06561
 0.80000  0.45000 230.69991
 0.85000  0.45000 228.20024
 0.90000  0.45000 225.57131
 0.95000  0.45000 222.81779
 1.00000  0.45000 219.94439


-1.00000  0.50000 220.76125
-0.95000  0.50000 223.42718
-0.90000  0.50000 225.98280
-0.85000  0.50000 228.42462
-0.80000  0.50000 230.74955
-0.75000  0.50000 232.95486
-0.70000  0.50000 235.03828
-0.65000  0.50000 236.99796
-0.60000  0.50000 238.83249
-0.55000  0.50000 240.54081
-0.50000  0.50000 242.12216
-0.45000  0.50000 243.57681
-0.40000  0.50000 244.92235
-0.35000  0.50000 246.16768
-0.30000  0.50000 247.32146
-0.25000  0.50000 248.39000
-0.20000  0.50000 249.37503
-0.15000  0.50000 250.27170
-0.10000  0.50000 251.06765
-0.05000  0.50000 251.74355
 0.00000  0.50000 252.27512
 0.05000  0.50000 252.63643
 0.10000  0.50000 252.80359
 0.15000  0.50000 252.75809
 0.20000  0.50000 252.48884
 0.25000  0.50000 251.99272
 0.30000  0.50000 251.27369
 0.35000  0.50000 250.34079
 0.40000  0.50000 249.20594
 0.45000  0.50000 247.88178
 0.50000  0.50000 246.39015
 0.55000  0.50000 244.73599
 0.60000  0.50000 242.92365
 0.65000  0.50000 240.95765
 0.70000  0.50000 238.84257
 0.75000  0.50000 236.58299
 0.80000  0.50000 234.18349
 0.85000  0.50000 231.64860
 0.90000  0.50000 228.98287
 0.95000  0.50000 226.19088
 1.00000  0.50000 223.27726


-1.00000  0.55000 223.86678
-0.95000  0.55000 226.56953
-0.90000  0.55000 229.16037
-0.85000  0.55000 231.63568
-0.80000  0.55000 233.99211
-0.75000  0.55000 236.22666
-0.70000  0.55000 238.33669
-0.65000  0.55000 240.31995
-0.60000  0.55000 242.17456
-0.55000  0.55000 243.89894
-0.50000  0.55000 245.49333
-0.45000  0.55000 246.96893
-0.40000  0.55000 248.33326
-0.35000  0.55000 249.59506
-0.30000  0.55000 250.76283
-0.25000  0.55000 251.84278
-0.20000  0.55000 252.83656
-0.15000  0.55000 253.73935
-0.10000  0.55000 254.53889
-0.05000  0.55000 255.21601
 0.00000  0.55000 255.74667
 0.05000  0.55000 256.10518
 0.10000  0.55000 256.26787
 0.15000  0.55000 256.21640
 0.20000  0.55000 255.93976
 0.25000  0.55000 255.43485
 0.30000  0.55000 254.70558
 0.35000  0.55000 253.76091
 0.40000  0.55000 252.61262
 0.45000  0.55000 251.27324
 0.50000  0.55000 249.75454
 0.55000  0.55000 248.07254
 0.60000  0.55000 246.23264
 0.65000  0.55000 244.23890
 0.70000  0.55000 242.09552
 0.75000  0.55000 239.80676
 0.80000  0.55000 237.37690
 0.85000  0.55000 234.81031
 0.90000  0.55000 232.11138
 0.95000  0.55000 229.28462
 1.00000  0.55000 226.33462


-1.00000  0.60000 226.68628
-0.95000  0.60000 229.42253
-0.90000  0.60000 232.04551
-0.85000  0.60000 234.55142
-0.80000  0.60000 236.93674
-0.75000  0.60000 239.19821
-0.70000  0.60000 241.33292
-0.65000  0.60000 243.33825
-0.60000  0.60000 245.21194
-0.55000  0.60000 246.95342
-0.50000  0.60000 248.56896
-0.45000  0.60000 250.06386
-0.40000  0.60000 251.44547
-0.35000  0.60000 252.72238
-0.30000  0.60000 253.90292
-0.25000  0.60000 254.99320
-0.20000  0.60000 255.99479
-0.15000  0.60000 256.90289
-0.10000  0.60000 257.70536
-0.05000  0.60000 258.38322
 0.00000  0.60000 258.91266
 0.05000  0.60000 259.26825
 0.10000  0.60000 259.42659
 0.15000  0.60000 259.36949
 0.20000  0.60000 259.08605
 0.25000  0.60000 258.57320
 0.30000  0.60000 257.83477
 0.35000  0.60000 256.87962
 0.40000  0.60000 255.71943
 0.45000  0.60000 254.36658
 0.50000  0.60000 252.83276
 0.55000  0.60000 251.12807
 0.60000  0.60000 249.26407
 0.65000  0.60000 247.24591
 0.70000  0.60000 245.07744
 0.75000  0.60000 242.76265
 0.80000  0.60000 240.30562
 0.85000  0.60000 237.71055
 0.90000  0.60000 234.98172
 0.95000  0.60000 232.12357
 1.00000  0.60000 229.14067


-1.00000  0.65000 229.24507
-0.95000  0.65000 232.01182
-0.90000  0.65000 234.66410
-0.85000  0.65000 237.19801
-0.80000  0.65000 239.60984
-0.75000  0.65000 241.89615
-0.70000  0.65000 244.05378
-0.65000  0.65000 246.07985
-0.60000  0.65000 247.97285
-0.55000  0.65000 249.73536
-0.50000  0.65000 251.37037
-0.45000  0.65000 252.88303
-0.40000  0.65000 254.28054
-0.35000  0.65000 255.57130
-0.30000  0.65000 256.76350
-0.25000  0.65000 257.86309
-0.20000  0.65000 258.87162
-0.15000  0.65000 259.78428
-0.10000  0.65000 260.58905
-0.05000  0.65000 261.26717
 0.00000  0.65000 261.79508
 0.05000  0.65000 262.14765
 0.10000  0.65000 262.30172
 0.15000  0.65000 262.23930
 0.20000  0.65000 261.94960
 0.25000  0.65000 261.42957
 0.30000  0.65000 260.68298
 0.35000  0.65000 259.71858
 0.40000  0.65000 258.54791
 0.45000  0.65000 257.18322
 0.50000  0.65000 255.63608
 0.55000  0.65000 253.91650
 0.60000  0.65000 252.03278
 0.65000  0.65000 249.99330
 0.70000  0.65000 247.80277
 0.75000  0.65000 245.46494
 0.80000  0.65000 242.98374
 0.85000  0.65000 240.36322
 0.90000  0.65000 237.60760
 0.95000  0.65000 234.72126
 1.00000  0.65000 231.70875


-1.00000  0.70000 231.55760
-0.95000  0.70000 234.35199
-0.90000  0.70000 237.03091
-0.85000  0.70000 239.59032
-0.80000  0.70000 242.02640
-0.75000  0.70000 244.33556
-0.70000  0.70000 246.51443
-0.65000  0.70000 248.56063
-0.60000  0.70000 250.47422
-0.55000  0.70000 252.25602
-0.50000  0.70000 253.90889
-0.45000  0.70000 255.43785
-0.40000  0.70000 256.84992
-0.35000  0.70000 258.15332
-0.30000  0.70000 259.35609
-0.25000  0.70000 260.46404
-0.20000  0.70000 261.47864
-0.15000  0.70000 262.39512
-0.10000  0.70000 263.20160
-0.05000  0.70000 263.87951
 0.00000  0.70000 264.40559
 0.05000  0.70000 264.75501
 0.10000  0.70000 264.90488
 0.15000  0.70000 264.83743
 0.20000  0.70000 264.54198
 0.25000  0.70000 264.01549
 0.30000  0.70000 263.26168
 0.35000  0.70000 262.28919
 0.40000  0.70000 261.10939
 0.45000  0.70000 259.73441
 0.50000  0.70000 258.17568
 0.55000  0.70000 256.44312
 0.60000  0.70000 254.54495
 0.65000  0.70000 252.48783
 0.70000  0.70000 250.27812
 0.75000  0.70000 247.92011
 0.80000  0.70000 245.41760
 0.85000  0.70000 242.77457
 0.90000  0.70000 239.99516
 0.95000  0.70000 237.08372
 1.00000  0.70000 234.04478


-1.00000  0.75000 233.63093
-0.95000  0.75000 236.45019
-0.90000  0.75000 239.15312
-0.85000  0.75000 241.73560
-0.80000  0.75000 244.19370
-0.75000  0.75000 246.52371
-0.70000  0.75000 248.72253
-0.65000  0.75000 250.78853
-0.60000  0.75000 252.72084
-0.55000  0.75000 254.52020
-0.50000  0.75000 256.18935
-0.45000  0.75000 257.73316
-0.40000  0.75000 259.15847
-0.35000  0.75000 260.47333
-0.30000  0.75000 261.68558
-0.25000  0.75000 262.80093
-0.20000  0.75000 263.82075
-0.15000  0.75000 264.74033
-0.10000  0.75000 265.54790
-0.05000  0.75000 266.22514
 0.00000  0.75000 266.74908
 0.05000  0.75000 267.09521
 0.10000  0.75000 267.24094
 0.15000  0.75000 267.16871
 0.20000  0.75000 266.86798
 0.25000  0.75000 266.33573
 0.30000  0.75000 265.57562
 0.35000  0.75000 264.59615
 0.40000  0.75000 263.40854
 0.45000  0.75000 262.02478
 0.50000  0.75000 260.45614
 0.55000  0.75000 258.71245
 0.60000  0.75000 256.80185
 0.65000  0.75000 254.73095
 0.70000  0.75000 252.50524
 0.75000  0.75000 250.12981
 0.80000  0.75000 247.60881
 0.85000  0.75000 244.94612
 0.90000  0.75000 242.14586
 0.95000  0.75000 239.21235
 1.00000  0.75000 236.15013


-1.00000  0.80000 235.46763
-0.95000  0.80000 238.30900
-0.90000  0.80000 241.03333
-0.85000  0.80000 243.63642
-0.80000  0.80000 246.11429
-0.75000  0.80000 248.46333
-0.70000  0.80000 250.68080
-0.65000  0.80000 252.76457
-0.60000  0.80000 254.71373
-0.55000  0.80000 256.52893
-0.50000  0.80000 258.21276
-0.45000  0.80000 259.76996
-0.40000  0.80000 261.20718
-0.35000  0.80000 262.53230
-0.30000  0.80000 263.75296
-0.25000  0.80000 264.87472
-0.20000  0.80000 265.89892
-0.15000  0.80000 266.82084
-0.10000  0.80000 267.62889
-0.05000  0.80000 268.30496
 0.00000  0.80000 268.82643
 0.05000  0.80000 269.16912
 0.10000  0.80000 269.31074
 0.15000  0.80000 269.23398
 0.20000  0.80000 268.92843
 0.25000  0.80000 268.39109
 0.30000  0.80000 267.62556
 0.35000  0.80000 266.64020
 0.40000  0.80000 265.44608
 0.45000  0.80000 264.05500
 0.50000  0.80000 262.47811
 0.55000  0.80000 260.72512
 0.60000  0.80000 258.80407
 0.65000  0.80000 256.72153
 0.70000  0.80000 254.48295
 0.75000  0.80000 252.09303
 0.80000  0.80000 249.55627
 0.85000  0.80000 246.87674
 0.90000  0.80000 244.05854
 0.95000  0.80000 241.10598
 1.00000  0.80000 238.02359


-1.00000  0.85000 237.06780
-0.95000  0.85000 239.92849
-0.90000  0.85000 242.67157
-0.85000  0.85000 245.29280
-0.80000  0.85000 247.78823
-0.75000  0.85000 250.15440
-0.70000  0.85000 252.38833
-0.65000  0.85000 254.48785
-0.60000  0.85000 256.45198
-0.55000  0.85000 258.28125
-0.50000  0.85000 259.97815
-0.45000  0.85000 261.54725
-0.40000  0.85000 262.99504
-0.35000  0.85000 264.32917
-0.30000  0.85000 265.55713
-0.25000  0.85000 266.68432
-0.20000  0.85000 267.71201
-0.15000  0.85000 268.63552
-0.10000  0.85000 269.44339
-0.05000  0.85000 270.11780
 0.00000  0.85000 270.63645
 0.05000  0.85000 270.97551
 0.10000  0.85000 271.11305
 0.15000  0.85000 271.03198
 0.20000  0.85000 270.72204
 0.25000  0.85000 270.18027
 0.30000  0.85000 269.41017
 0.35000  0.85000 268.41999
 0.40000  0.85000 267.22062
 0.45000  0.85000 265.82369
 0.50000  0.85000 264.24019
 0.55000  0.85000 262.47969
 0.60000  0.85000 260.55016
 0.65000  0.85000 258.45811
 0.70000  0.85000 256.20894
 0.75000  0.85000 253.80735
 0.80000  0.85000 251.25764
 0.85000  0.85000 248.56407
 0.90000  0.85000 245.73083
 0.95000  0.85000 242.76221
 1.00000  0.85000 239.66277


-1.00000  0.90000 238.43038
-0.95000  0.90000 241.30757
-0.90000  0.90000 244.06672
-0.85000  0.90000 246.70360
-0.80000  0.90000 249.21431
-0.75000  0.90000 251.59527
-0.70000  0.90000 253.84346
-0.65000  0.90000 255.95666
-0.60000  0.90000 257.93381
-0.55000  0.90000 259.77537
-0.50000  0.90000 261.48369
-0.45000  0.90000 263.06319
-0.40000  0.90000 264.52015
-0.35000  0.90000 265.86205
-0.30000  0.90000 267.09617
-0.25000  0.90000 268.22777
-0.20000  0.90000 269.25803
-0.15000  0.90000 270.18233
-0.10000  0.90000 270.98937
-0.05000  0.90000 271.66159
 0.00000  0.90000 272.17705
 0.05000  0.90000 272.51230
 0.10000  0.90000 272.64573
 0.15000  0.90000 272.56056
 0.20000  0.90000 272.24664
 0.25000  0.90000 271.70105
 0.30000  0.90000 270.92724
 0.35000  0.90000 269.93329
 0.40000  0.90000 268.72992
 0.45000  0.90000 267.32857
 0.50000  0.90000 265.74006
 0.55000  0.90000 263.97385
 0.60000  0.90000 262.03779
 0.65000  0.90000 259.93834
 0.70000  0.90000 257.68085
 0.75000  0.90000 255.27000
 0.80000  0.90000 252.71009
 0.85000  0.90000 250.00530
 0.90000  0.90000 247.15989
 0.95000  0.90000 244.17822
 1.00000  0.90000 241.06484


-1.00000  0.95000 239.55396
-0.95000  0.95000 242.44479
-0.90000  0.95000 245.21731
-0.85000  0.95000 247.86729
-0.80000  0.95000 250.39076
-0.75000  0.95000 252.78414
-0.70000  0.95000 255.04435
-0.65000  0.95000 257.16913
-0.60000  0.95000 259.15735
-0.55000  0.95000 261.00937
-0.50000  0.95000 262.72742
-0.45000  0.95000 264.31576
-0.40000  0.95000 265.78048
-0.35000  0.95000 267.12886
-0.30000  0.95000 268.36796
-0.25000  0.95000 269.50291
-0.20000  0.95000 270.53481
-0.15000  0.95000 271.45909
-0.10000  0.95000 272.26460
-0.05000  0.95000 272.93408
 0.00000  0.95000 273.44596
 0.05000  0.95000 273.77717
 0.10000  0.95000 273.90648
 0.15000  0.95000 273.81737
 0.20000  0.95000 273.49986
 0.25000  0.95000 272.95107
 0.30000  0.95000 272.17435
 0.35000  0.95000 271.17766
 0.40000  0.95000 269.97151
 0.45000  0.95000 268.56715
 0.50000  0.95000 266.97524
 0.55000  0.95000 265.20508
 0.60000  0.95000 263.26444
 0.65000  0.95000 261.15968
 0.70000  0.95000 258.89613
 0.75000  0.95000 256.47844
 0.80000  0.95000 253.91088
 0.85000  0.95000 251.19764
 0.90000  0.95000 248.34296
 0.95000  0.95000 245.35123
 1.00000  0.95000 242.22702


-1.00000  1.00000 240.43720
-0.95000  1.00000 243.33879
-0.90000  1.00000 246.12192
-0.85000  1.00000 248.78233
-0.80000  1.00000 251.31604
-0.75000  1.00000 253.71941
-0.70000  1.00000 255.98937
-0.65000  1.00000 258.12360
-0.60000  1.00000 260.12088
-0.55000  1.00000 261.98151
-0.50000  1.00000 263.70757
-0.45000  1.00000 265.30316
-0.40000  1.00000 266.77419
-0.35000  1.00000 268.12771
-0.30000  1.00000 269.37059
-0.25000  1.00000 270.50781
-0.20000  1.00000 271.54039
-0.15000  1.00000 272.46380
-0.10000  1.00000 273.26707
-0.05000  1.00000 273.93324
 0.00000  1.00000 274.44111
 0.05000  1.00000 274.76804
 0.10000  1.00000 274.89318
 0.15000  1.00000 274.80029
 0.20000  1.00000 274.47956
 0.25000  1.00000 273.92814
 0.30000  1.00000 273.14931
 0.35000  1.00000 272.15087
 0.40000  1.00000 270.94314
 0.45000  1.00000 269.53718
 0.50000  1.00000 267.94344
 0.55000  1.00000 266.17108
 0.60000  1.00000 264.22777
 0.65000  1.00000 262.11979
 0.70000  1.00000 259.85242
 0.75000  1.00000 257.43027
 0.80000  1.00000 254.85761
 0.85000  1.00000 252.13862
 0.90000  1.00000 249.27754
 0.95000  1.00000 246.27874
 1.00000  1.00000 243.14682


