-1.00000 -1.00000  0.38472
-0.95000 -1.00000  0.38727
-0.90000 -1.00000  0.38968
-0.85000 -1.00000  0.39196
-0.80000 -1.00000  0.39409
-0.75000 -1.00000  0.39608
-0.70000 -1.00000  0.39791
-0.65000 -1.00000  0.39960
-0.60000 -1.00000  0.40113
-0.55000 -1.00000  0.40250
-0.50000 -1.00000  0.40371
-0.45000 -1.00000  0.40476
-0.40000 -1.00000  0.40564
-0.35000 -1.00000  0.40635
-0.30000 -1.00000  0.40690
-0.25000 -1.00000  0.40727
-0.20000 -1.00000  0.40748
-0.15000 -1.00000  0.40751
-0.10000 -1.00000  0.40736
-0.05000 -1.00000  0.40704
 0.00000 -1.00000  0.40655
 0.05000 -1.00000  0.40588
 0.10000 -1.00000  0.40504
 0.15000 -1.00000  0.40402
 0.20000 -1.00000  0.40283
 0.25000 -1.00000  0.40147
 0.30000 -1.00000  0.39994
 0.35000 -1.00000  0.39823
 0.40000 -1.00000  0.39636
 0.45000 -1.00000  0.39432
 0.50000 -1.00000  0.39212
 0.55000 -1.00000  0.38975
 0.60000 -1.00000  0.38722
 0.65000 -1.00000  0.38454
 0.70000 -1.00000  0.38170
 0.75000 -1.00000  0.37871
 0.80000 -1.00000  0.37557
 0.85000 -1.00000  0.37229
 0.90000 -1.00000  0.36886
 0.95000 -1.00000  0.36529
 1.00000 -1.00000  0.36159


-1.00000 -0.95000  0.38587
-0.95000 -0.95000  0.38842
-0.90000 -0.95000  0.39084
-0.85000 -0.95000  0.39311
-0.80000 -0.95000  0.39525
-0.75000 -0.95000  0.39724
-0.70000 -0.95000  0.39907
-0.65000 -0.95000  0.40076
-0.60000 -0.95000  0.40229
-0.55000 -0.95000  0.40366
-0.50000 -0.95000  0.40488
-0.45000 -0.95000  0.40592
-0.40000 -0.95000  0.40681
-0.35000 -0.95000  0.40752
-0.30000 -0.95000  0.40807
-0.25000 -0.95000  0.40845
-0.20000 -0.95000  0.40865
-0.15000 -0.95000  0.40868
-0.10000 -0.95000  0.40854
-0.05000 -0.95000  0.40823
 0.00000 -0.95000  0.40774
 0.05000 -0.95000  0.40707
 0.10000 -0.95000  0.40623
 0.15000 -0.95000  0.40522
 0.20000 -0.95000  0.40403
 0.25000 -0.95000  0.40267
 0.30000 -0.95000  0.40114
 0.35000 -0.95000  0.39944
 0.40000 -0.95000  0.39757
 0.45000 -0.95000  0.39553
 0.50000 -0.95000  0.39333
 0.55000 -0.95000  0.39097
 0.60000 -0.95000  0.38845
 0.65000 -0.95000  0.38576
 0.70000 -0.95000  0.38293
 0.75000 -0.95000  0.37994
 0.80000 -0.95000  0.37681
 0.85000 -0.95000  0.37353
 0.90000 -0.95000  0.37011
 0.95000 -0.95000  0.36654
 1.00000 -0.95000  0.36285


-1.00000 -0.90000  0.38699
-0.95000 -0.90000  0.38954
-0.90000 -0.90000  0.39195
-0.85000 -0.90000  0.39423
-0.80000 -0.90000  0.39636
-0.75000 -0.90000  0.39835
-0.70000 -0.90000  0.40019
-0.65000 -0.90000  0.40188
-0.60000 -0.90000  0.40341
-0.55000 -0.90000  0.40479
-0.50000 -0.90000  0.40600
-0.45000 -0.90000  0.40705
-0.40000 -0.90000  0.40793
-0.35000 -0.90000  0.40865
-0.30000 -0.90000  0.40920
-0.25000 -0.90000  0.40958
-0.20000 -0.90000  0.40979
-0.15000 -0.90000  0.40982
-0.10000 -0.90000  0.40968
-0.05000 -0.90000  0.40936
 0.00000 -0.90000  0.40888
 0.05000 -0.90000  0.40821
 0.10000 -0.90000  0.40737
 0.15000 -0.90000  0.40636
 0.20000 -0.90000  0.40518
 0.25000 -0.90000  0.40382
 0.30000 -0.90000  0.40229
 0.35000 -0.90000  0.40059
 0.40000 -0.90000  0.39873
 0.45000 -0.90000  0.39669
 0.50000 -0.90000  0.39450
 0.55000 -0.90000  0.39214
 0.60000 -0.90000  0.38962
 0.65000 -0.90000  0.38694
 0.70000 -0.90000  0.38411
 0.75000 -0.90000  0.38113
 0.80000 -0.90000  0.37800
 0.85000 -0.90000  0.37472
 0.90000 -0.90000  0.37130
 0.95000 -0.90000  0.36775
 1.00000 -0.90000  0.36405


-1.00000 -0.85000  0.38805
-0.95000 -0.85000  0.39061
-0.90000 -0.85000  0.39302
-0.85000 -0.85000  0.39530
-0.80000 -0.85000  0.39744
-0.75000 -0.85000  0.39943
-0.70000 -0.85000  0.40127
-0.65000 -0.85000  0.40296
-0.60000 -0.85000  0.40449
-0.55000 -0.85000  0.40587
-0.50000 -0.85000  0.40708
-0.45000 -0.85000  0.40813
-0.40000 -0.85000  0.40902
-0.35000 -0.85000  0.40974
-0.30000 -0.85000  0.41029
-0.25000 -0.85000  0.41066
-0.20000 -0.85000  0.41087
-0.15000 -0.85000  0.41091
-0.10000 -0.85000  0.41077
-0.05000 -0.85000  0.41046
 0.00000 -0.85000  0.40997
 0.05000 -0.85000  0.40931
 0.10000 -0.85000  0.40847
 0.15000 -0.85000  0.40746
 0.20000 -0.85000  0.40628
 0.25000 -0.85000  0.40492
 0.30000 -0.85000  0.40340
 0.35000 -0.85000  0.40170
 0.40000 -0.85000  0.39984
 0.45000 -0.85000  0.39781
 0.50000 -0.85000  0.39561
 0.55000 -0.85000  0.39326
 0.60000 -0.85000  0.39074
 0.65000 -0.85000  0.38807
 0.70000 -0.85000  0.38524
 0.75000 -0.85000  0.38226
 0.80000 -0.85000  0.37914
 0.85000 -0.85000  0.37586
 0.90000 -0.85000  0.37245
 0.95000 -0.85000  0.36890
 1.00000 -0.85000  0.36521


-1.00000 -0.80000  0.38908
-0.95000 -0.80000  0.39164
-0.90000 -0.80000  0.39405
-0.85000 -0.80000  0.39633
-0.80000 -0.80000  0.39847
-0.75000 -0.80000  0.40046
-0.70000 -0.80000  0.40230
-0.65000 -0.80000  0.40399
-0.60000 -0.80000  0.40552
-0.55000 -0.80000  0.40690
-0.50000 -0.80000  0.40812
-0.45000 -0.80000  0.40917
-0.40000 -0.80000  0.41005
-0.35000 -0.80000  0.41077
-0.30000 -0.80000  0.41132
-0.25000 -0.80000  0.41170
-0.20000 -0.80000  0.41191
-0.15000 -0.80000  0.41195
-0.10000 -0.80000  0.41181
-0.05000 -0.80000  0.41150
 0.00000 -0.80000  0.41101
 0.05000 -0.80000  0.41035
 0.10000 -0.80000  0.40952
 0.15000 -0.80000  0.40851
 0.20000 -0.80000  0.40733
 0.25000 -0.80000  0.40598
 0.30000 -0.80000  0.40445
 0.35000 -0.80000  0.40276
 0.40000 -0.80000  0.40090
 0.45000 -0.80000  0.39887
 0.50000 -0.80000  0.39668
 0.55000 -0.80000  0.39433
 0.60000 -0.80000  0.39181
 0.65000 -0.80000  0.38914
 0.70000 -0.80000  0.38632
 0.75000 -0.80000  0.38334
 0.80000 -0.80000  0.38022
 0.85000 -0.80000  0.37695
 0.90000 -0.80000  0.37354
 0.95000 -0.80000  0.37000
 1.00000 -0.80000  0.36631


-1.00000 -0.75000  0.39007
-0.95000 -0.75000  0.39262
-0.90000 -0.75000  0.39504
-0.85000 -0.75000  0.39732
-0.80000 -0.75000  0.39946
-0.75000 -0.75000  0.40145
-0.70000 -0.75000  0.40329
-0.65000 -0.75000  0.40498
-0.60000 -0.75000  0.40651
-0.55000 -0.75000  0.40789
-0.50000 -0.75000  0.40911
-0.45000 -0.75000  0.41016
-0.40000 -0.75000  0.41104
-0.35000 -0.75000  0.41176
-0.30000 -0.75000  0.41232
-0.25000 -0.75000  0.41270
-0.20000 -0.75000  0.41291
-0.15000 -0.75000  0.41294
-0.10000 -0.75000  0.41281
-0.05000 -0.75000  0.41250
 0.00000 -0.75000  0.41201
 0.05000 -0.75000  0.41135
 0.10000 -0.75000  0.41052
 0.15000 -0.75000  0.40951
 0.20000 -0.75000  0.40833
 0.25000 -0.75000  0.40698
 0.30000 -0.75000  0.40546
 0.35000 -0.75000  0.40377
 0.40000 -0.75000  0.40191
 0.45000 -0.75000  0.39988
 0.50000 -0.75000  0.39769
 0.55000 -0.75000  0.39534
 0.60000 -0.75000  0.39283
 0.65000 -0.75000  0.39017
 0.70000 -0.75000  0.38735
 0.75000 -0.75000  0.38437
 0.80000 -0.75000  0.38125
 0.85000 -0.75000  0.37799
 0.90000 -0.75000  0.37458
 0.95000 -0.75000  0.37104
 1.00000 -0.75000  0.36736


-1.00000 -0.70000  0.39101
-0.95000 -0.70000  0.39356
-0.90000 -0.70000  0.39598
-0.85000 -0.70000  0.39826
-0.80000 -0.70000  0.40040
-0.75000 -0.70000  0.40239
-0.70000 -0.70000  0.40423
-0.65000 -0.70000  0.40592
-0.60000 -0.70000  0.40746
-0.55000 -0.70000  0.40883
-0.50000 -0.70000  0.41005
-0.45000 -0.70000  0.41110
-0.40000 -0.70000  0.41199
-0.35000 -0.70000  0.41271
-0.30000 -0.70000  0.41326
-0.25000 -0.70000  0.41364
-0.20000 -0.70000  0.41385
-0.15000 -0.70000  0.41389
-0.10000 -0.70000  0.41375
-0.05000 -0.70000  0.41344
 0.00000 -0.70000  0.41296
 0.05000 -0.70000  0.41230
 0.10000 -0.70000  0.41147
 0.15000 -0.70000  0.41046
 0.20000 -0.70000  0.40928
 0.25000 -0.70000  0.40793
 0.30000 -0.70000  0.40641
 0.35000 -0.70000  0.40472
 0.40000 -0.70000  0.40287
 0.45000 -0.70000  0.40084
 0.50000 -0.70000  0.39866
 0.55000 -0.70000  0.39631
 0.60000 -0.70000  0.39380
 0.65000 -0.70000  0.39114
 0.70000 -0.70000  0.38832
 0.75000 -0.70000  0.38535
 0.80000 -0.70000  0.38223
 0.85000 -0.70000  0.37897
 0.90000 -0.70000  0.37557
 0.95000 -0.70000  0.37203
 1.00000 -0.70000  0.36836


-1.00000 -0.65000  0.39191
-0.95000 -0.65000  0.39446
-0.90000 -0.65000  0.39688
-0.85000 -0.65000  0.39916
-0.80000 -0.65000  0.40130
-0.75000 -0.65000  0.40329
-0.70000 -0.65000  0.40513
-0.65000 -0.65000  0.40682
-0.60000 -0.65000  0.40835
-0.55000 -0.65000  0.40973
-0.50000 -0.65000  0.41095
-0.45000 -0.65000  0.41200
-0.40000 -0.65000  0.41288
-0.35000 -0.65000  0.41361
-0.30000 -0.65000  0.41416
-0.25000 -0.65000  0.41454
-0.20000 -0.65000  0.41475
-0.15000 -0.65000  0.41479
-0.10000 -0.65000  0.41465
-0.05000 -0.65000  0.41434
 0.00000 -0.65000  0.41386
 0.05000 -0.65000  0.41320
 0.10000 -0.65000  0.41237
 0.15000 -0.65000  0.41136
 0.20000 -0.65000  0.41018
 0.25000 -0.65000  0.40884
 0.30000 -0.65000  0.40732
 0.35000 -0.65000  0.40563
 0.40000 -0.65000  0.40377
 0.45000 -0.65000  0.40175
 0.50000 -0.65000  0.39957
 0.55000 -0.65000  0.39722
 0.60000 -0.65000  0.39471
 0.65000 -0.65000  0.39205
 0.70000 -0.65000  0.38924
 0.75000 -0.65000  0.38627
 0.80000 -0.65000  0.38316
 0.85000 -0.65000  0.37990
 0.90000 -0.65000  0.37650
 0.95000 -0.65000  0.37296
 1.00000 -0.65000  0.36929


-1.00000 -0.60000  0.39276
-0.95000 -0.60000  0.39531
-0.90000 -0.60000  0.39773
-0.85000 -0.60000  0.40001
-0.80000 -0.60000  0.40215
-0.75000 -0.60000  0.40414
-0.70000 -0.60000  0.40598
-0.65000 -0.60000  0.40767
-0.60000 -0.60000  0.40920
-0.55000 -0.60000  0.41058
-0.50000 -0.60000  0.41179
-0.45000 -0.60000  0.41285
-0.40000 -0.60000  0.41373
-0.35000 -0.60000  0.41445
-0.30000 -0.60000  0.41500
-0.25000 -0.60000  0.41538
-0.20000 -0.60000  0.41559
-0.15000 -0.60000  0.41563
-0.10000 -0.60000  0.41550
-0.05000 -0.60000  0.41519
 0.00000 -0.60000  0.41470
 0.05000 -0.60000  0.41404
 0.10000 -0.60000  0.41321
 0.15000 -0.60000  0.41221
 0.20000 -0.60000  0.41103
 0.25000 -0.60000  0.40968
 0.30000 -0.60000  0.40817
 0.35000 -0.60000  0.40648
 0.40000 -0.60000  0.40462
 0.45000 -0.60000  0.40260
 0.50000 -0.60000  0.40042
 0.55000 -0.60000  0.39808
 0.60000 -0.60000  0.39557
 0.65000 -0.60000  0.39291
 0.70000 -0.60000  0.39010
 0.75000 -0.60000  0.38714
 0.80000 -0.60000  0.38403
 0.85000 -0.60000  0.38077
 0.90000 -0.60000  0.37738
 0.95000 -0.60000  0.37384
 1.00000 -0.60000  0.37018


-1.00000 -0.55000  0.39356
-0.95000 -0.55000  0.39612
-0.90000 -0.55000  0.39853
-0.85000 -0.55000  0.40081
-0.80000 -0.55000  0.40295
-0.75000 -0.55000  0.40494
-0.70000 -0.55000  0.40678
-0.65000 -0.55000  0.40847
-0.60000 -0.55000  0.41000
-0.55000 -0.55000  0.41138
-0.50000 -0.55000  0.41259
-0.45000 -0.55000  0.41364
-0.40000 -0.55000  0.41453
-0.35000 -0.55000  0.41525
-0.30000 -0.55000  0.41580
-0.25000 -0.55000  0.41618
-0.20000 -0.55000  0.41639
-0.15000 -0.55000  0.41643
-0.10000 -0.55000  0.41629
-0.05000 -0.55000  0.41598
 0.00000 -0.55000  0.41550
 0.05000 -0.55000  0.41484
 0.10000 -0.55000  0.41401
 0.15000 -0.55000  0.41300
 0.20000 -0.55000  0.41183
 0.25000 -0.55000  0.41048
 0.30000 -0.55000  0.40896
 0.35000 -0.55000  0.40728
 0.40000 -0.55000  0.40542
 0.45000 -0.55000  0.40340
 0.50000 -0.55000  0.40122
 0.55000 -0.55000  0.39888
 0.60000 -0.55000  0.39638
 0.65000 -0.55000  0.39372
 0.70000 -0.55000  0.39091
 0.75000 -0.55000  0.38795
 0.80000 -0.55000  0.38484
 0.85000 -0.55000  0.38159
 0.90000 -0.55000  0.37819
 0.95000 -0.55000  0.37466
 1.00000 -0.55000  0.37100


-1.00000 -0.50000  0.39432
-0.95000 -0.50000  0.39687
-0.90000 -0.50000  0.39929
-0.85000 -0.50000  0.40157
-0.80000 -0.50000  0.40370
-0.75000 -0.50000  0.40569
-0.70000 -0.50000  0.40753
-0.65000 -0.50000  0.40922
-0.60000 -0.50000  0.41075
-0.55000 -0.50000  0.41213
-0.50000 -0.50000  0.41334
-0.45000 -0.50000  0.41439
-0.40000 -0.50000  0.41528
-0.35000 -0.50000  0.41600
-0.30000 -0.50000  0.41655
-0.25000 -0.50000  0.41693
-0.20000 -0.50000  0.41713
-0.15000 -0.50000  0.41717
-0.10000 -0.50000  0.41703
-0.05000 -0.50000  0.41672
 0.00000 -0.50000  0.41624
 0.05000 -0.50000  0.41558
 0.10000 -0.50000  0.41475
 0.15000 -0.50000  0.41374
 0.20000 -0.50000  0.41257
 0.25000 -0.50000  0.41122
 0.30000 -0.50000  0.40970
 0.35000 -0.50000  0.40802
 0.40000 -0.50000  0.40616
 0.45000 -0.50000  0.40415
 0.50000 -0.50000  0.40197
 0.55000 -0.50000  0.39962
 0.60000 -0.50000  0.39712
 0.65000 -0.50000  0.39447
 0.70000 -0.50000  0.39166
 0.75000 -0.50000  0.38870
 0.80000 -0.50000  0.38559
 0.85000 -0.50000  0.38234
 0.90000 -0.50000  0.37895
 0.95000 -0.50000  0.37543
 1.00000 -0.50000  0.37177


-1.00000 -0.45000  0.39503
-0.95000 -0.45000  0.39758
-0.90000 -0.45000  0.40000
-0.85000 -0.45000  0.40228
-0.80000 -0.45000  0.40441
-0.75000 -0.45000  0.40640
-0.70000 -0.45000  0.40824
-0.65000 -0.45000  0.40993
-0.60000 -0.45000  0.41146
-0.55000 -0.45000  0.41283
-0.50000 -0.45000  0.41404
-0.45000 -0.45000  0.41509
-0.40000 -0.45000  0.41597
-0.35000 -0.45000  0.41669
-0.30000 -0.45000  0.41724
-0.25000 -0.45000  0.41762
-0.20000 -0.45000  0.41783
-0.15000 -0.45000  0.41786
-0.10000 -0.45000  0.41772
-0.05000 -0.45000  0.41741
 0.00000 -0.45000  0.41693
 0.05000 -0.45000  0.41627
 0.10000 -0.45000  0.41544
 0.15000 -0.45000  0.41443
 0.20000 -0.45000  0.41325
 0.25000 -0.45000  0.41191
 0.30000 -0.45000  0.41039
 0.35000 -0.45000  0.40870
 0.40000 -0.45000  0.40685
 0.45000 -0.45000  0.40483
 0.50000 -0.45000  0.40265
 0.55000 -0.45000  0.40031
 0.60000 -0.45000  0.39781
 0.65000 -0.45000  0.39516
 0.70000 -0.45000  0.39235
 0.75000 -0.45000  0.38940
 0.80000 -0.45000  0.38629
 0.85000 -0.45000  0.38304
 0.90000 -0.45000  0.37966
 0.95000 -0.45000  0.37613
 1.00000 -0.45000  0.37247


-1.00000 -0.40000  0.39569
-0.95000 -0.40000  0.39824
-0.90000 -0.40000  0.40066
-0.85000 -0.40000  0.40293
-0.80000 -0.40000  0.40507
-0.75000 -0.40000  0.40706
-0.70000 -0.40000  0.40889
-0.65000 -0.40000  0.41058
-0.60000 -0.40000  0.41211
-0.55000 -0.40000  0.41348
-0.50000 -0.40000  0.41469
-0.45000 -0.40000  0.41574
-0.40000 -0.40000  0.41662
-0.35000 -0.40000  0.41733
-0.30000 -0.40000  0.41788
-0.25000 -0.40000  0.41826
-0.20000 -0.40000  0.41846
-0.15000 -0.40000  0.41850
-0.10000 -0.40000  0.41836
-0.05000 -0.40000  0.41805
 0.00000 -0.40000  0.41756
 0.05000 -0.40000  0.41690
 0.10000 -0.40000  0.41607
 0.15000 -0.40000  0.41506
 0.20000 -0.40000  0.41389
 0.25000 -0.40000  0.41254
 0.30000 -0.40000  0.41102
 0.35000 -0.40000  0.40933
 0.40000 -0.40000  0.40748
 0.45000 -0.40000  0.40547
 0.50000 -0.40000  0.40329
 0.55000 -0.40000  0.40095
 0.60000 -0.40000  0.39845
 0.65000 -0.40000  0.39579
 0.70000 -0.40000  0.39299
 0.75000 -0.40000  0.39003
 0.80000 -0.40000  0.38693
 0.85000 -0.40000  0.38368
 0.90000 -0.40000  0.38030
 0.95000 -0.40000  0.37678
 1.00000 -0.40000  0.37312


-1.00000 -0.35000  0.39630
-0.95000 -0.35000  0.39885
-0.90000 -0.35000  0.40127
-0.85000 -0.35000  0.40354
-0.80000 -0.35000  0.40567
-0.75000 -0.35000  0.40766
-0.70000 -0.35000  0.40950
-0.65000 -0.35000  0.41118
-0.60000 -0.35000  0.41271
-0.55000 -0.35000  0.41408
-0.50000 -0.35000  0.41529
-0.45000 -0.35000  0.41633
-0.40000 -0.35000  0.41721
-0.35000 -0.35000  0.41793
-0.30000 -0.35000  0.41847
-0.25000 -0.35000  0.41885
-0.20000 -0.35000  0.41905
-0.15000 -0.35000  0.41908
-0.10000 -0.35000  0.41894
-0.05000 -0.35000  0.41863
 0.00000 -0.35000  0.41814
 0.05000 -0.35000  0.41748
 0.10000 -0.35000  0.41664
 0.15000 -0.35000  0.41564
 0.20000 -0.35000  0.41446
 0.25000 -0.35000  0.41311
 0.30000 -0.35000  0.41159
 0.35000 -0.35000  0.40991
 0.40000 -0.35000  0.40806
 0.45000 -0.35000  0.40604
 0.50000 -0.35000  0.40386
 0.55000 -0.35000  0.40152
 0.60000 -0.35000  0.39902
 0.65000 -0.35000  0.39637
 0.70000 -0.35000  0.39356
 0.75000 -0.35000  0.39061
 0.80000 -0.35000  0.38751
 0.85000 -0.35000  0.38427
 0.90000 -0.35000  0.38088
 0.95000 -0.35000  0.37736
 1.00000 -0.35000  0.37371


-1.00000 -0.30000  0.39687
-0.95000 -0.30000  0.39941
-0.90000 -0.30000  0.40183
-0.85000 -0.30000  0.40410
-0.80000 -0.30000  0.40623
-0.75000 -0.30000  0.40821
-0.70000 -0.30000  0.41005
-0.65000 -0.30000  0.41173
-0.60000 -0.30000  0.41326
-0.55000 -0.30000  0.41462
-0.50000 -0.30000  0.41583
-0.45000 -0.30000  0.41687
-0.40000 -0.30000  0.41775
-0.35000 -0.30000  0.41846
-0.30000 -0.30000  0.41901
-0.25000 -0.30000  0.41938
-0.20000 -0.30000  0.41958
-0.15000 -0.30000  0.41961
-0.10000 -0.30000  0.41947
-0.05000 -0.30000  0.41915
 0.00000 -0.30000  0.41866
 0.05000 -0.30000  0.41800
 0.10000 -0.30000  0.41717
 0.15000 -0.30000  0.41616
 0.20000 -0.30000  0.41498
 0.25000 -0.30000  0.41363
 0.30000 -0.30000  0.41211
 0.35000 -0.30000  0.41042
 0.40000 -0.30000  0.40857
 0.45000 -0.30000  0.40655
 0.50000 -0.30000  0.40437
 0.55000 -0.30000  0.40203
 0.60000 -0.30000  0.39954
 0.65000 -0.30000  0.39689
 0.70000 -0.30000  0.39408
 0.75000 -0.30000  0.39113
 0.80000 -0.30000  0.38803
 0.85000 -0.30000  0.38479
 0.90000 -0.30000  0.38140
 0.95000 -0.30000  0.37788
 1.00000 -0.30000  0.37423


-1.00000 -0.25000  0.39738
-0.95000 -0.25000  0.39992
-0.90000 -0.25000  0.40234
-0.85000 -0.25000  0.40461
-0.80000 -0.25000  0.40674
-0.75000 -0.25000  0.40872
-0.70000 -0.25000  0.41055
-0.65000 -0.25000  0.41223
-0.60000 -0.25000  0.41375
-0.55000 -0.25000  0.41512
-0.50000 -0.25000  0.41632
-0.45000 -0.25000  0.41736
-0.40000 -0.25000  0.41824
-0.35000 -0.25000  0.41895
-0.30000 -0.25000  0.41949
-0.25000 -0.25000  0.41986
-0.20000 -0.25000  0.42006
-0.15000 -0.25000  0.42008
-0.10000 -0.25000  0.41994
-0.05000 -0.25000  0.41962
 0.00000 -0.25000  0.41913
 0.05000 -0.25000  0.41847
 0.10000 -0.25000  0.41763
 0.15000 -0.25000  0.41662
 0.20000 -0.25000  0.41544
 0.25000 -0.25000  0.41409
 0.30000 -0.25000  0.41257
 0.35000 -0.25000  0.41088
 0.40000 -0.25000  0.40903
 0.45000 -0.25000  0.40701
 0.50000 -0.25000  0.40483
 0.55000 -0.25000  0.40249
 0.60000 -0.25000  0.39999
 0.65000 -0.25000  0.39734
 0.70000 -0.25000  0.39454
 0.75000 -0.25000  0.39159
 0.80000 -0.25000  0.38849
 0.85000 -0.25000  0.38525
 0.90000 -0.25000  0.38187
 0.95000 -0.25000  0.37835
 1.00000 -0.25000  0.37470


-1.00000 -0.20000  0.39784
-0.95000 -0.20000  0.40038
-0.90000 -0.20000  0.40279
-0.85000 -0.20000  0.40506
-0.80000 -0.20000  0.40719
-0.75000 -0.20000  0.40917
-0.70000 -0.20000  0.41100
-0.65000 -0.20000  0.41267
-0.60000 -0.20000  0.41419
-0.55000 -0.20000  0.41556
-0.50000 -0.20000  0.41676
-0.45000 -0.20000  0.41780
-0.40000 -0.20000  0.41867
-0.35000 -0.20000  0.41938
-0.30000 -0.20000  0.41991
-0.25000 -0.20000  0.42028
-0.20000 -0.20000  0.42048
-0.15000 -0.20000  0.42050
-0.10000 -0.20000  0.42036
-0.05000 -0.20000  0.42004
 0.00000 -0.20000  0.41954
 0.05000 -0.20000  0.41888
 0.10000 -0.20000  0.41804
 0.15000 -0.20000  0.41703
 0.20000 -0.20000  0.41584
 0.25000 -0.20000  0.41449
 0.30000 -0.20000  0.41297
 0.35000 -0.20000  0.41128
 0.40000 -0.20000  0.40943
 0.45000 -0.20000  0.40741
 0.50000 -0.20000  0.40523
 0.55000 -0.20000  0.40289
 0.60000 -0.20000  0.40039
 0.65000 -0.20000  0.39774
 0.70000 -0.20000  0.39494
 0.75000 -0.20000  0.39198
 0.80000 -0.20000  0.38889
 0.85000 -0.20000  0.38565
 0.90000 -0.20000  0.38227
 0.95000 -0.20000  0.37875
 1.00000 -0.20000  0.37510


-1.00000 -0.15000  0.39825
-0.95000 -0.15000  0.40079
-0.90000 -0.15000  0.40320
-0.85000 -0.15000  0.40546
-0.80000 -0.15000  0.40759
-0.75000 -0.15000  0.40956
-0.70000 -0.15000  0.41139
-0.65000 -0.15000  0.41306
-0.60000 -0.15000  0.41458
-0.55000 -0.15000  0.41594
-0.50000 -0.15000  0.41714
-0.45000 -0.15000  0.41818
-0.40000 -0.15000  0.41905
-0.35000 -0.15000  0.41975
-0.30000 -0.15000  0.42028
-0.25000 -0.15000  0.42065
-0.20000 -0.15000  0.42084
-0.15000 -0.15000  0.42087
-0.10000 -0.15000  0.42072
-0.05000 -0.15000  0.42039
 0.00000 -0.15000  0.41990
 0.05000 -0.15000  0.41923
 0.10000 -0.15000  0.41839
 0.15000 -0.15000  0.41737
 0.20000 -0.15000  0.41619
 0.25000 -0.15000  0.41484
 0.30000 -0.15000  0.41331
 0.35000 -0.15000  0.41162
 0.40000 -0.15000  0.40977
 0.45000 -0.15000  0.40775
 0.50000 -0.15000  0.40557
 0.55000 -0.15000  0.40323
 0.60000 -0.15000  0.40073
 0.65000 -0.15000  0.39808
 0.70000 -0.15000  0.39527
 0.75000 -0.15000  0.39232
 0.80000 -0.15000  0.38922
 0.85000 -0.15000  0.38598
 0.90000 -0.15000  0.38261
 0.95000 -0.15000  0.37909
 1.00000 -0.15000  0.37544


-1.00000 -0.10000  0.39861
-0.95000 -0.10000  0.40115
-0.90000 -0.10000  0.40355
-0.85000 -0.10000  0.40582
-0.80000 -0.10000  0.40794
-0.75000 -0.10000  0.40991
-0.70000 -0.10000  0.41173
-0.65000 -0.10000  0.41340
-0.60000 -0.10000  0.41492
-0.55000 -0.10000  0.41627
-0.50000 -0.10000  0.41747
-0.45000 -0.10000  0.41850
-0.40000 -0.10000  0.41937
-0.35000 -0.10000  0.42007
-0.30000 -0.10000  0.42060
-0.25000 -0.10000  0.42096
-0.20000 -0.10000  0.42115
-0.15000 -0.10000  0.42117
-0.10000 -0.10000  0.42102
-0.05000 -0.10000  0.42069
 0.00000 -0.10000  0.42020
 0.05000 -0.10000  0.41952
 0.10000 -0.10000  0.41868
 0.15000 -0.10000  0.41766
 0.20000 -0.10000  0.41648
 0.25000 -0.10000  0.41512
 0.30000 -0.10000  0.41360
 0.35000 -0.10000  0.41191
 0.40000 -0.10000  0.41005
 0.45000 -0.10000  0.40803
 0.50000 -0.10000  0.40584
 0.55000 -0.10000  0.40350
 0.60000 -0.10000  0.40100
 0.65000 -0.10000  0.39835
 0.70000 -0.10000  0.39555
 0.75000 -0.10000  0.39260
 0.80000 -0.10000  0.38950
 0.85000 -0.10000  0.38626
 0.90000 -0.10000  0.38288
 0.95000 -0.10000  0.37937
 1.00000 -0.10000  0.37572


-1.00000 -0.05000  0.39891
-0.95000 -0.05000  0.40145
-0.90000 -0.05000  0.40385
-0.85000 -0.05000  0.40611
-0.80000 -0.05000  0.40823
-0.75000 -0.05000  0.41020
-0.70000 -0.05000  0.41202
-0.65000 -0.05000  0.41369
-0.60000 -0.05000  0.41520
-0.55000 -0.05000  0.41655
-0.50000 -0.05000  0.41774
-0.45000 -0.05000  0.41877
-0.40000 -0.05000  0.41964
-0.35000 -0.05000  0.42033
-0.30000 -0.05000  0.42086
-0.25000 -0.05000  0.42122
-0.20000 -0.05000  0.42141
-0.15000 -0.05000  0.42142
-0.10000 -0.05000  0.42127
-0.05000 -0.05000  0.42094
 0.00000 -0.05000  0.42044
 0.05000 -0.05000  0.41976
 0.10000 -0.05000  0.41891
 0.15000 -0.05000  0.41790
 0.20000 -0.05000  0.41671
 0.25000 -0.05000  0.41535
 0.30000 -0.05000  0.41382
 0.35000 -0.05000  0.41213
 0.40000 -0.05000  0.41027
 0.45000 -0.05000  0.40825
 0.50000 -0.05000  0.40606
 0.55000 -0.05000  0.40372
 0.60000 -0.05000  0.40122
 0.65000 -0.05000  0.39857
 0.70000 -0.05000  0.39576
 0.75000 -0.05000  0.39281
 0.80000 -0.05000  0.38972
 0.85000 -0.05000  0.38648
 0.90000 -0.05000  0.38310
 0.95000 -0.05000  0.37959
 1.00000 -0.05000  0.37594


-1.00000  0.00000  0.39917
-0.95000  0.00000  0.40170
-0.90000  0.00000  0.40410
-0.85000  0.00000  0.40636
-0.80000  0.00000  0.40847
-0.75000  0.00000  0.41044
-0.70000  0.00000  0.41225
-0.65000  0.00000  0.41392
-0.60000  0.00000  0.41542
-0.55000  0.00000  0.41677
-0.50000  0.00000  0.41796
-0.45000  0.00000  0.41899
-0.40000  0.00000  0.41985
-0.35000  0.00000  0.42054
-0.30000  0.00000  0.42106
-0.25000  0.00000  0.42142
-0.20000  0.00000  0.42160
-0.15000  0.00000  0.42162
-0.10000  0.00000  0.42146
-0.05000  0.00000  0.42112
 0.00000  0.00000  0.42062
 0.05000  0.00000  0.41994
 0.10000  0.00000  0.41909
 0.15000  0.00000  0.41807
 0.20000  0.00000  0.41688
 0.25000  0.00000  0.41552
 0.30000  0.00000  0.41399
 0.35000  0.00000  0.41229
 0.40000  0.00000  0.41043
 0.45000  0.00000  0.40841
 0.50000  0.00000  0.40622
 0.55000  0.00000  0.40388
 0.60000  0.00000  0.40138
 0.65000  0.00000  0.39872
 0.70000  0.00000  0.39592
 0.75000  0.00000  0.39297
 0.80000  0.00000  0.38987
 0.85000  0.00000  0.38663
 0.90000  0.00000  0.38325
 0.95000  0.00000  0.37974
 1.00000  0.00000  0.37610


-1.00000  0.05000  0.39936
-0.95000  0.05000  0.40190
-0.90000  0.05000  0.40429
-0.85000  0.05000  0.40655
-0.80000  0.05000  0.40866
-0.75000  0.05000  0.41062
-0.70000  0.05000  0.41243
-0.65000  0.05000  0.41409
-0.60000  0.05000  0.41560
-0.55000  0.05000  0.41694
-0.50000  0.05000  0.41813
-0.45000  0.05000  0.41915
-0.40000  0.05000  0.42000
-0.35000  0.05000  0.42069
-0.30000  0.05000  0.42121
-0.25000  0.05000  0.42156
-0.20000  0.05000  0.42174
-0.15000  0.05000  0.42175
-0.10000  0.05000  0.42159
-0.05000  0.05000  0.42125
 0.00000  0.05000  0.42074
 0.05000  0.05000  0.42006
 0.10000  0.05000  0.41921
 0.15000  0.05000  0.41819
 0.20000  0.05000  0.41699
 0.25000  0.05000  0.41563
 0.30000  0.05000  0.41409
 0.35000  0.05000  0.41240
 0.40000  0.05000  0.41053
 0.45000  0.05000  0.40851
 0.50000  0.05000  0.40632
 0.55000  0.05000  0.40397
 0.60000  0.05000  0.40147
 0.65000  0.05000  0.39882
 0.70000  0.05000  0.39601
 0.75000  0.05000  0.39306
 0.80000  0.05000  0.38996
 0.85000  0.05000  0.38672
 0.90000  0.05000  0.38335
 0.95000  0.05000  0.37983
 1.00000  0.05000  0.37619


-1.00000  0.10000  0.39951
-0.95000  0.10000  0.40204
-0.90000  0.10000  0.40443
-0.85000  0.10000  0.40668
-0.80000  0.10000  0.40879
-0.75000  0.10000  0.41075
-0.70000  0.10000  0.41256
-0.65000  0.10000  0.41421
-0.60000  0.10000  0.41571
-0.55000  0.10000  0.41705
-0.50000  0.10000  0.41823
-0.45000  0.10000  0.41925
-0.40000  0.10000  0.42010
-0.35000  0.10000  0.42079
-0.30000  0.10000  0.42130
-0.25000  0.10000  0.42165
-0.20000  0.10000  0.42183
-0.15000  0.10000  0.42183
-0.10000  0.10000  0.42166
-0.05000  0.10000  0.42132
 0.00000  0.10000  0.42081
 0.05000  0.10000  0.42013
 0.10000  0.10000  0.41927
 0.15000  0.10000  0.41824
 0.20000  0.10000  0.41704
 0.25000  0.10000  0.41568
 0.30000  0.10000  0.41414
 0.35000  0.10000  0.41244
 0.40000  0.10000  0.41057
 0.45000  0.10000  0.40855
 0.50000  0.10000  0.40636
 0.55000  0.10000  0.40401
 0.60000  0.10000  0.40151
 0.65000  0.10000  0.39885
 0.70000  0.10000  0.39604
 0.75000  0.10000  0.39309
 0.80000  0.10000  0.38999
 0.85000  0.10000  0.38675
 0.90000  0.10000  0.38338
 0.95000  0.10000  0.37986
 1.00000  0.10000  0.37622


-1.00000  0.15000  0.39960
-0.95000  0.15000  0.40213
-0.90000  0.15000  0.40452
-0.85000  0.15000  0.40676
-0.80000  0.15000  0.40887
-0.75000  0.15000  0.41082
-0.70000  0.15000  0.41263
-0.65000  0.15000  0.41428
-0.60000  0.15000  0.41577
-0.55000  0.15000  0.41711
-0.50000  0.15000  0.41829
-0.45000  0.15000  0.41930
-0.40000  0.15000  0.42015
-0.35000  0.15000  0.42083
-0.30000  0.15000  0.42134
-0.25000  0.15000  0.42168
-0.20000  0.15000  0.42185
-0.15000  0.15000  0.42185
-0.10000  0.15000  0.42168
-0.05000  0.15000  0.42134
 0.00000  0.15000  0.42082
 0.05000  0.15000  0.42013
 0.10000  0.15000  0.41927
 0.15000  0.15000  0.41824
 0.20000  0.15000  0.41704
 0.25000  0.15000  0.41567
 0.30000  0.15000  0.41413
 0.35000  0.15000  0.41243
 0.40000  0.15000  0.41056
 0.45000  0.15000  0.40853
 0.50000  0.15000  0.40633
 0.55000  0.15000  0.40398
 0.60000  0.15000  0.40148
 0.65000  0.15000  0.39882
 0.70000  0.15000  0.39601
 0.75000  0.15000  0.39306
 0.80000  0.15000  0.38996
 0.85000  0.15000  0.38672
 0.90000  0.15000  0.38334
 0.95000  0.15000  0.37983
 1.00000  0.15000  0.37619


-1.00000  0.20000  0.39964
-0.95000  0.20000  0.40217
-0.90000  0.20000  0.40455
-0.85000  0.20000  0.40679
-0.80000  0.20000  0.40889
-0.75000  0.20000  0.41084
-0.70000  0.20000  0.41264
-0.65000  0.20000  0.41429
-0.60000  0.20000  0.41578
-0.55000  0.20000  0.41711
-0.50000  0.20000  0.41828
-0.45000  0.20000  0.41929
-0.40000  0.20000  0.42013
-0.35000  0.20000  0.42081
-0.30000  0.20000  0.42132
-0.25000  0.20000  0.42165
-0.20000  0.20000  0.42182
-0.15000  0.20000  0.42182
-0.10000  0.20000  0.42164
-0.05000  0.20000  0.42129
 0.00000  0.20000  0.42077
 0.05000  0.20000  0.42008
 0.10000  0.20000  0.41921
 0.15000  0.20000  0.41818
 0.20000  0.20000  0.41697
 0.25000  0.20000  0.41560
 0.30000  0.20000  0.41406
 0.35000  0.20000  0.41235
 0.40000  0.20000  0.41048
 0.45000  0.20000  0.40845
 0.50000  0.20000  0.40625
 0.55000  0.20000  0.40390
 0.60000  0.20000  0.40139
 0.65000  0.20000  0.39873
 0.70000  0.20000  0.39592
 0.75000  0.20000  0.39297
 0.80000  0.20000  0.38987
 0.85000  0.20000  0.38663
 0.90000  0.20000  0.38325
 0.95000  0.20000  0.37974
 1.00000  0.20000  0.37610


-1.00000  0.25000  0.39963
-0.95000  0.25000  0.40215
-0.90000  0.25000  0.40453
-0.85000  0.25000  0.40677
-0.80000  0.25000  0.40886
-0.75000  0.25000  0.41081
-0.70000  0.25000  0.41260
-0.65000  0.25000  0.41425
-0.60000  0.25000  0.41573
-0.55000  0.25000  0.41706
-0.50000  0.25000  0.41822
-0.45000  0.25000  0.41923
-0.40000  0.25000  0.42006
-0.35000  0.25000  0.42073
-0.30000  0.25000  0.42124
-0.25000  0.25000  0.42157
-0.20000  0.25000  0.42173
-0.15000  0.25000  0.42172
-0.10000  0.25000  0.42154
-0.05000  0.25000  0.42119
 0.00000  0.25000  0.42066
 0.05000  0.25000  0.41997
 0.10000  0.25000  0.41910
 0.15000  0.25000  0.41806
 0.20000  0.25000  0.41685
 0.25000  0.25000  0.41547
 0.30000  0.25000  0.41393
 0.35000  0.25000  0.41222
 0.40000  0.25000  0.41034
 0.45000  0.25000  0.40831
 0.50000  0.25000  0.40611
 0.55000  0.25000  0.40376
 0.60000  0.25000  0.40125
 0.65000  0.25000  0.39859
 0.70000  0.25000  0.39577
 0.75000  0.25000  0.39282
 0.80000  0.25000  0.38972
 0.85000  0.25000  0.38647
 0.90000  0.25000  0.38310
 0.95000  0.25000  0.37958
 1.00000  0.25000  0.37594


-1.00000  0.30000  0.39956
-0.95000  0.30000  0.40208
-0.90000  0.30000  0.40445
-0.85000  0.30000  0.40669
-0.80000  0.30000  0.40878
-0.75000  0.30000  0.41072
-0.70000  0.30000  0.41251
-0.65000  0.30000  0.41415
-0.60000  0.30000  0.41563
-0.55000  0.30000  0.41695
-0.50000  0.30000  0.41811
-0.45000  0.30000  0.41911
-0.40000  0.30000  0.41994
-0.35000  0.30000  0.42061
-0.30000  0.30000  0.42110
-0.25000  0.30000  0.42143
-0.20000  0.30000  0.42159
-0.15000  0.30000  0.42157
-0.10000  0.30000  0.42139
-0.05000  0.30000  0.42103
 0.00000  0.30000  0.42050
 0.05000  0.30000  0.41980
 0.10000  0.30000  0.41893
 0.15000  0.30000  0.41788
 0.20000  0.30000  0.41667
 0.25000  0.30000  0.41529
 0.30000  0.30000  0.41374
 0.35000  0.30000  0.41203
 0.40000  0.30000  0.41015
 0.45000  0.30000  0.40811
 0.50000  0.30000  0.40591
 0.55000  0.30000  0.40355
 0.60000  0.30000  0.40104
 0.65000  0.30000  0.39838
 0.70000  0.30000  0.39556
 0.75000  0.30000  0.39260
 0.80000  0.30000  0.38950
 0.85000  0.30000  0.38626
 0.90000  0.30000  0.38288
 0.95000  0.30000  0.37937
 1.00000  0.30000  0.37573


-1.00000  0.35000  0.39944
-0.95000  0.35000  0.40195
-0.90000  0.35000  0.40432
-0.85000  0.35000  0.40655
-0.80000  0.35000  0.40864
-0.75000  0.35000  0.41057
-0.70000  0.35000  0.41236
-0.65000  0.35000  0.41399
-0.60000  0.35000  0.41547
-0.55000  0.35000  0.41678
-0.50000  0.35000  0.41794
-0.45000  0.35000  0.41893
-0.40000  0.35000  0.41976
-0.35000  0.35000  0.42042
-0.30000  0.35000  0.42091
-0.25000  0.35000  0.42123
-0.20000  0.35000  0.42139
-0.15000  0.35000  0.42137
-0.10000  0.35000  0.42118
-0.05000  0.35000  0.42081
 0.00000  0.35000  0.42028
 0.05000  0.35000  0.41957
 0.10000  0.35000  0.41869
 0.15000  0.35000  0.41765
 0.20000  0.35000  0.41643
 0.25000  0.35000  0.41504
 0.30000  0.35000  0.41349
 0.35000  0.35000  0.41177
 0.40000  0.35000  0.40989
 0.45000  0.35000  0.40785
 0.50000  0.35000  0.40565
 0.55000  0.35000  0.40329
 0.60000  0.35000  0.40077
 0.65000  0.35000  0.39811
 0.70000  0.35000  0.39529
 0.75000  0.35000  0.39233
 0.80000  0.35000  0.38923
 0.85000  0.35000  0.38599
 0.90000  0.35000  0.38261
 0.95000  0.35000  0.37909
 1.00000  0.35000  0.37545


-1.00000  0.40000  0.39927
-0.95000  0.40000  0.40177
-0.90000  0.40000  0.40414
-0.85000  0.40000  0.40636
-0.80000  0.40000  0.40844
-0.75000  0.40000  0.41037
-0.70000  0.40000  0.41215
-0.65000  0.40000  0.41378
-0.60000  0.40000  0.41525
-0.55000  0.40000  0.41656
-0.50000  0.40000  0.41771
-0.45000  0.40000  0.41870
-0.40000  0.40000  0.41952
-0.35000  0.40000  0.42018
-0.30000  0.40000  0.42066
-0.25000  0.40000  0.42098
-0.20000  0.40000  0.42113
-0.15000  0.40000  0.42110
-0.10000  0.40000  0.42091
-0.05000  0.40000  0.42054
 0.00000  0.40000  0.42000
 0.05000  0.40000  0.41929
 0.10000  0.40000  0.41841
 0.15000  0.40000  0.41735
 0.20000  0.40000  0.41613
 0.25000  0.40000  0.41474
 0.30000  0.40000  0.41319
 0.35000  0.40000  0.41146
 0.40000  0.40000  0.40958
 0.45000  0.40000  0.40753
 0.50000  0.40000  0.40533
 0.55000  0.40000  0.40297
 0.60000  0.40000  0.40045
 0.65000  0.40000  0.39778
 0.70000  0.40000  0.39496
 0.75000  0.40000  0.39200
 0.80000  0.40000  0.38890
 0.85000  0.40000  0.38565
 0.90000  0.40000  0.38227
 0.95000  0.40000  0.37876
 1.00000  0.40000  0.37511


-1.00000  0.45000  0.39904
-0.95000  0.45000  0.40154
-0.90000  0.45000  0.40390
-0.85000  0.45000  0.40612
-0.80000  0.45000  0.40819
-0.75000  0.45000  0.41012
-0.70000  0.45000  0.41190
-0.65000  0.45000  0.41352
-0.60000  0.45000  0.41498
-0.55000  0.45000  0.41629
-0.50000  0.45000  0.41743
-0.45000  0.45000  0.41841
-0.40000  0.45000  0.41923
-0.35000  0.45000  0.41988
-0.30000  0.45000  0.42036
-0.25000  0.45000  0.42067
-0.20000  0.45000  0.42081
-0.15000  0.45000  0.42078
-0.10000  0.45000  0.42058
-0.05000  0.45000  0.42021
 0.00000  0.45000  0.41966
 0.05000  0.45000  0.41895
 0.10000  0.45000  0.41806
 0.15000  0.45000  0.41700
 0.20000  0.45000  0.41578
 0.25000  0.45000  0.41438
 0.30000  0.45000  0.41282
 0.35000  0.45000  0.41110
 0.40000  0.45000  0.40921
 0.45000  0.45000  0.40716
 0.50000  0.45000  0.40495
 0.55000  0.45000  0.40259
 0.60000  0.45000  0.40007
 0.65000  0.45000  0.39739
 0.70000  0.45000  0.39458
 0.75000  0.45000  0.39161
 0.80000  0.45000  0.38850
 0.85000  0.45000  0.38526
 0.90000  0.45000  0.38187
 0.95000  0.45000  0.37836
 1.00000  0.45000  0.37472


-1.00000  0.50000  0.39875
-0.95000  0.50000  0.40125
-0.90000  0.50000  0.40361
-0.85000  0.50000  0.40582
-0.80000  0.50000  0.40789
-0.75000  0.50000  0.40981
-0.70000  0.50000  0.41158
-0.65000  0.50000  0.41320
-0.60000  0.50000  0.41466
-0.55000  0.50000  0.41596
-0.50000  0.50000  0.41710
-0.45000  0.50000  0.41807
-0.40000  0.50000  0.41888
-0.35000  0.50000  0.41953
-0.30000  0.50000  0.42000
-0.25000  0.50000  0.42031
-0.20000  0.50000  0.42044
-0.15000  0.50000  0.42041
-0.10000  0.50000  0.42020
-0.05000  0.50000  0.41982
 0.00000  0.50000  0.41927
 0.05000  0.50000  0.41855
 0.10000  0.50000  0.41766
 0.15000  0.50000  0.41660
 0.20000  0.50000  0.41537
 0.25000  0.50000  0.41397
 0.30000  0.50000  0.41240
 0.35000  0.50000  0.41067
 0.40000  0.50000  0.40878
 0.45000  0.50000  0.40673
 0.50000  0.50000  0.40452
 0.55000  0.50000  0.40215
 0.60000  0.50000  0.39962
 0.65000  0.50000  0.39695
 0.70000  0.50000  0.39413
 0.75000  0.50000  0.39116
 0.80000  0.50000  0.38805
 0.85000  0.50000  0.38480
 0.90000  0.50000  0.38142
 0.95000  0.50000  0.37790
 1.00000  0.50000  0.37426


-1.00000  0.55000  0.39842
-0.95000  0.55000  0.40091
-0.90000  0.55000  0.40326
-0.85000  0.55000  0.40547
-0.80000  0.55000  0.40754
-0.75000  0.55000  0.40945
-0.70000  0.55000  0.41122
-0.65000  0.55000  0.41283
-0.60000  0.55000  0.41428
-0.55000  0.55000  0.41558
-0.50000  0.55000  0.41671
-0.45000  0.55000  0.41768
-0.40000  0.55000  0.41848
-0.35000  0.55000  0.41912
-0.30000  0.55000  0.41959
-0.25000  0.55000  0.41989
-0.20000  0.55000  0.42002
-0.15000  0.55000  0.41998
-0.10000  0.55000  0.41976
-0.05000  0.55000  0.41938
 0.00000  0.55000  0.41883
 0.05000  0.55000  0.41810
 0.10000  0.55000  0.41720
 0.15000  0.55000  0.41613
 0.20000  0.55000  0.41490
 0.25000  0.55000  0.41350
 0.30000  0.55000  0.41193
 0.35000  0.55000  0.41019
 0.40000  0.55000  0.40830
 0.45000  0.55000  0.40624
 0.50000  0.55000  0.40402
 0.55000  0.55000  0.40165
 0.60000  0.55000  0.39913
 0.65000  0.55000  0.39645
 0.70000  0.55000  0.39363
 0.75000  0.55000  0.39066
 0.80000  0.55000  0.38754
 0.85000  0.55000  0.38429
 0.90000  0.55000  0.38091
 0.95000  0.55000  0.37739
 1.00000  0.55000  0.37375


-1.00000  0.60000  0.39803
-0.95000  0.60000  0.40052
-0.90000  0.60000  0.40286
-0.85000  0.60000  0.40507
-0.80000  0.60000  0.40713
-0.75000  0.60000  0.40904
-0.70000  0.60000  0.41080
-0.65000  0.60000  0.41240
-0.60000  0.60000  0.41385
-0.55000  0.60000  0.41514
-0.50000  0.60000  0.41626
-0.45000  0.60000  0.41723
-0.40000  0.60000  0.41803
-0.35000  0.60000  0.41866
-0.30000  0.60000  0.41912
-0.25000  0.60000  0.41942
-0.20000  0.60000  0.41954
-0.15000  0.60000  0.41949
-0.10000  0.60000  0.41927
-0.05000  0.60000  0.41888
 0.00000  0.60000  0.41832
 0.05000  0.60000  0.41759
 0.10000  0.60000  0.41669
 0.15000  0.60000  0.41562
 0.20000  0.60000  0.41438
 0.25000  0.60000  0.41297
 0.30000  0.60000  0.41139
 0.35000  0.60000  0.40966
 0.40000  0.60000  0.40775
 0.45000  0.60000  0.40569
 0.50000  0.60000  0.40347
 0.55000  0.60000  0.40110
 0.60000  0.60000  0.39857
 0.65000  0.60000  0.39589
 0.70000  0.60000  0.39306
 0.75000  0.60000  0.39009
 0.80000  0.60000  0.38698
 0.85000  0.60000  0.38373
 0.90000  0.60000  0.38034
 0.95000  0.60000  0.37682
 1.00000  0.60000  0.37317


-1.00000  0.65000  0.39759
-0.95000  0.65000  0.40007
-0.90000  0.65000  0.40241
-0.85000  0.65000  0.40461
-0.80000  0.65000  0.40666
-0.75000  0.65000  0.40857
-0.70000  0.65000  0.41032
-0.65000  0.65000  0.41192
-0.60000  0.65000  0.41336
-0.55000  0.65000  0.41465
-0.50000  0.65000  0.41577
-0.45000  0.65000  0.41672
-0.40000  0.65000  0.41752
-0.35000  0.65000  0.41814
-0.30000  0.65000  0.41860
-0.25000  0.65000  0.41889
-0.20000  0.65000  0.41900
-0.15000  0.65000  0.41895
-0.10000  0.65000  0.41873
-0.05000  0.65000  0.41833
 0.00000  0.65000  0.41777
 0.05000  0.65000  0.41703
 0.10000  0.65000  0.41612
 0.15000  0.65000  0.41504
 0.20000  0.65000  0.41380
 0.25000  0.65000  0.41238
 0.30000  0.65000  0.41081
 0.35000  0.65000  0.40906
 0.40000  0.65000  0.40716
 0.45000  0.65000  0.40509
 0.50000  0.65000  0.40287
 0.55000  0.65000  0.40049
 0.60000  0.65000  0.39796
 0.65000  0.65000  0.39528
 0.70000  0.65000  0.39245
 0.75000  0.65000  0.38947
 0.80000  0.65000  0.38636
 0.85000  0.65000  0.38310
 0.90000  0.65000  0.37972
 0.95000  0.65000  0.37620
 1.00000  0.65000  0.37255


-1.00000  0.70000  0.39710
-0.95000  0.70000  0.39957
-0.90000  0.70000  0.40191
-0.85000  0.70000  0.40410
-0.80000  0.70000  0.40615
-0.75000  0.70000  0.40805
-0.70000  0.70000  0.40980
-0.65000  0.70000  0.41139
-0.60000  0.70000  0.41282
-0.55000  0.70000  0.41410
-0.50000  0.70000  0.41522
-0.45000  0.70000  0.41617
-0.40000  0.70000  0.41695
-0.35000  0.70000  0.41757
-0.30000  0.70000  0.41802
-0.25000  0.70000  0.41831
-0.20000  0.70000  0.41842
-0.15000  0.70000  0.41836
-0.10000  0.70000  0.41813
-0.05000  0.70000  0.41773
 0.00000  0.70000  0.41715
 0.05000  0.70000  0.41641
 0.10000  0.70000  0.41550
 0.15000  0.70000  0.41442
 0.20000  0.70000  0.41317
 0.25000  0.70000  0.41175
 0.30000  0.70000  0.41016
 0.35000  0.70000  0.40842
 0.40000  0.70000  0.40651
 0.45000  0.70000  0.40444
 0.50000  0.70000  0.40221
 0.55000  0.70000  0.39983
 0.60000  0.70000  0.39729
 0.65000  0.70000  0.39461
 0.70000  0.70000  0.39178
 0.75000  0.70000  0.38880
 0.80000  0.70000  0.38568
 0.85000  0.70000  0.38243
 0.90000  0.70000  0.37904
 0.95000  0.70000  0.37551
 1.00000  0.70000  0.37186


-1.00000  0.75000  0.39655
-0.95000  0.75000  0.39902
-0.90000  0.75000  0.40135
-0.85000  0.75000  0.40354
-0.80000  0.75000  0.40558
-0.75000  0.75000  0.40748
-0.70000  0.75000  0.40922
-0.65000  0.75000  0.41080
-0.60000  0.75000  0.41223
-0.55000  0.75000  0.41350
-0.50000  0.75000  0.41461
-0.45000  0.75000  0.41556
-0.40000  0.75000  0.41634
-0.35000  0.75000  0.41695
-0.30000  0.75000  0.41740
-0.25000  0.75000  0.41767
-0.20000  0.75000  0.41778
-0.15000  0.75000  0.41771
-0.10000  0.75000  0.41748
-0.05000  0.75000  0.41707
 0.00000  0.75000  0.41649
 0.05000  0.75000  0.41574
 0.10000  0.75000  0.41482
 0.15000  0.75000  0.41374
 0.20000  0.75000  0.41248
 0.25000  0.75000  0.41106
 0.30000  0.75000  0.40947
 0.35000  0.75000  0.40772
 0.40000  0.75000  0.40580
 0.45000  0.75000  0.40373
 0.50000  0.75000  0.40150
 0.55000  0.75000  0.39911
 0.60000  0.75000  0.39657
 0.65000  0.75000  0.39389
 0.70000  0.75000  0.39105
 0.75000  0.75000  0.38807
 0.80000  0.75000  0.38495
 0.85000  0.75000  0.38169
 0.90000  0.75000  0.37830
 0.95000  0.75000  0.37478
 1.00000  0.75000  0.37113


-1.00000  0.80000  0.39596
-0.95000  0.80000  0.39842
-0.90000  0.80000  0.40075
-0.85000  0.80000  0.40293
-0.80000  0.80000  0.40496
-0.75000  0.80000  0.40685
-0.70000  0.80000  0.40859
-0.65000  0.80000  0.41017
-0.60000  0.80000  0.41159
-0.55000  0.80000  0.41286
-0.50000  0.80000  0.41396
-0.45000  0.80000  0.41490
-0.40000  0.80000  0.41567
-0.35000  0.80000  0.41628
-0.30000  0.80000  0.41672
-0.25000  0.80000  0.41699
-0.20000  0.80000  0.41708
-0.15000  0.80000  0.41701
-0.10000  0.80000  0.41677
-0.05000  0.80000  0.41636
 0.00000  0.80000  0.41577
 0.05000  0.80000  0.41502
 0.10000  0.80000  0.41410
 0.15000  0.80000  0.41300
 0.20000  0.80000  0.41174
 0.25000  0.80000  0.41031
 0.30000  0.80000  0.40872
 0.35000  0.80000  0.40696
 0.40000  0.80000  0.40505
 0.45000  0.80000  0.40297
 0.50000  0.80000  0.40073
 0.55000  0.80000  0.39834
 0.60000  0.80000  0.39580
 0.65000  0.80000  0.39311
 0.70000  0.80000  0.39027
 0.75000  0.80000  0.38729
 0.80000  0.80000  0.38417
 0.85000  0.80000  0.38091
 0.90000  0.80000  0.37751
 0.95000  0.80000  0.37399
 1.00000  0.80000  0.37034


-1.00000  0.85000  0.39531
-0.95000  0.85000  0.39777
-0.90000  0.85000  0.40009
-0.85000  0.85000  0.40227
-0.80000  0.85000  0.40430
-0.75000  0.85000  0.40618
-0.70000  0.85000  0.40791
-0.65000  0.85000  0.40948
-0.60000  0.85000  0.41090
-0.55000  0.85000  0.41216
-0.50000  0.85000  0.41325
-0.45000  0.85000  0.41419
-0.40000  0.85000  0.41495
-0.35000  0.85000  0.41555
-0.30000  0.85000  0.41598
-0.25000  0.85000  0.41625
-0.20000  0.85000  0.41634
-0.15000  0.85000  0.41626
-0.10000  0.85000  0.41601
-0.05000  0.85000  0.41560
 0.00000  0.85000  0.41501
 0.05000  0.85000  0.41425
 0.10000  0.85000  0.41332
 0.15000  0.85000  0.41222
 0.20000  0.85000  0.41095
 0.25000  0.85000  0.40952
 0.30000  0.85000  0.40792
 0.35000  0.85000  0.40616
 0.40000  0.85000  0.40424
 0.45000  0.85000  0.40215
 0.50000  0.85000  0.39992
 0.55000  0.85000  0.39752
 0.60000  0.85000  0.39498
 0.65000  0.85000  0.39228
 0.70000  0.85000  0.38944
 0.75000  0.85000  0.38646
 0.80000  0.85000  0.38333
 0.85000  0.85000  0.38007
 0.90000  0.85000  0.37667
 0.95000  0.85000  0.37315
 1.00000  0.85000  0.36949


-1.00000  0.90000  0.39461
-0.95000  0.90000  0.39707
-0.90000  0.90000  0.39938
-0.85000  0.90000  0.40155
-0.80000  0.90000  0.40358
-0.75000  0.90000  0.40545
-0.70000  0.90000  0.40718
-0.65000  0.90000  0.40874
-0.60000  0.90000  0.41015
-0.55000  0.90000  0.41141
-0.50000  0.90000  0.41250
-0.45000  0.90000  0.41342
-0.40000  0.90000  0.41418
-0.35000  0.90000  0.41478
-0.30000  0.90000  0.41520
-0.25000  0.90000  0.41546
-0.20000  0.90000  0.41555
-0.15000  0.90000  0.41546
-0.10000  0.90000  0.41521
-0.05000  0.90000  0.41478
 0.00000  0.90000  0.41419
 0.05000  0.90000  0.41342
 0.10000  0.90000  0.41249
 0.15000  0.90000  0.41138
 0.20000  0.90000  0.41011
 0.25000  0.90000  0.40867
 0.30000  0.90000  0.40707
 0.35000  0.90000  0.40530
 0.40000  0.90000  0.40338
 0.45000  0.90000  0.40129
 0.50000  0.90000  0.39905
 0.55000  0.90000  0.39665
 0.60000  0.90000  0.39410
 0.65000  0.90000  0.39140
 0.70000  0.90000  0.38856
 0.75000  0.90000  0.38557
 0.80000  0.90000  0.38244
 0.85000  0.90000  0.37918
 0.90000  0.90000  0.37578
 0.95000  0.90000  0.37225
 1.00000  0.90000  0.36860


-1.00000  0.95000  0.39387
-0.95000  0.95000  0.39632
-0.90000  0.95000  0.39863
-0.85000  0.95000  0.40079
-0.80000  0.95000  0.40281
-0.75000  0.95000  0.40468
-0.70000  0.95000  0.40639
-0.65000  0.95000  0.40796
-0.60000  0.95000  0.40936
-0.55000  0.95000  0.41061
-0.50000  0.95000  0.41169
-0.45000  0.95000  0.41261
-0.40000  0.95000  0.41336
-0.35000  0.95000  0.41395
-0.30000  0.95000  0.41437
-0.25000  0.95000  0.41462
-0.20000  0.95000  0.41470
-0.15000  0.95000  0.41461
-0.10000  0.95000  0.41435
-0.05000  0.95000  0.41392
 0.00000  0.95000  0.41332
 0.05000  0.95000  0.41255
 0.10000  0.95000  0.41161
 0.15000  0.95000  0.41050
 0.20000  0.95000  0.40922
 0.25000  0.95000  0.40778
 0.30000  0.95000  0.40617
 0.35000  0.95000  0.40440
 0.40000  0.95000  0.40247
 0.45000  0.95000  0.40038
 0.50000  0.95000  0.39813
 0.55000  0.95000  0.39573
 0.60000  0.95000  0.39318
 0.65000  0.95000  0.39047
 0.70000  0.95000  0.38763
 0.75000  0.95000  0.38464
 0.80000  0.95000  0.38151
 0.85000  0.95000  0.37824
 0.90000  0.95000  0.37484
 0.95000  0.95000  0.37131
 1.00000  0.95000  0.36765


-1.00000  1.00000  0.39308
-0.95000  1.00000  0.39552
-0.90000  1.00000  0.39782
-0.85000  1.00000  0.39998
-0.80000  1.00000  0.40199
-0.75000  1.00000  0.40385
-0.70000  1.00000  0.40557
-0.65000  1.00000  0.40712
-0.60000  1.00000  0.40852
-0.55000  1.00000  0.40976
-0.50000  1.00000  0.41084
-0.45000  1.00000  0.41175
-0.40000  1.00000  0.41250
-0.35000  1.00000  0.41308
-0.30000  1.00000  0.41349
-0.25000  1.00000  0.41373
-0.20000  1.00000  0.41381
-0.15000  1.00000  0.41371
-0.10000  1.00000  0.41345
-0.05000  1.00000  0.41301
 0.00000  1.00000  0.41240
 0.05000  1.00000  0.41162
 0.10000  1.00000  0.41068
 0.15000  1.00000  0.40956
 0.20000  1.00000  0.40828
 0.25000  1.00000  0.40683
 0.30000  1.00000  0.40522
 0.35000  1.00000  0.40345
 0.40000  1.00000  0.40151
 0.45000  1.00000  0.39941
 0.50000  1.00000  0.39716
 0.55000  1.00000  0.39476
 0.60000  1.00000  0.39220
 0.65000  1.00000  0.38950
 0.70000  1.00000  0.38665
 0.75000  1.00000  0.38365
 0.80000  1.00000  0.38052
 0.85000  1.00000  0.37725
 0.90000  1.00000  0.37385
 0.95000  1.00000  0.37032
 1.00000  1.00000  0.36666


